455.1242265701294
433.0746831893921
262.79111735026044
129.22714837392172
69.2936608393987
29.032512426376343
19.207751254240673
14.435466587543488
12.56350270907084
9.2191055615743
9.062698910633722
7.940686712662379
6.967569937308629
6.195068051417668
6.4897208114465075
5.651632408301036
5.359130462010701
5.137471963961919
4.857257644335429
4.923470079898834
4.676973566412926
4.814478784799576
4.3609279443820315
4.577783177296321
4.375956768790881
4.256258348623912
4.112130085627238
3.8755294432242713
4.267370248834292
3.9641809413830438
3.9137957245111465
3.8740460822979608
3.8406637708346048
3.773992349704107
3.632285331686338
3.7975724041461945
3.7215762237707772
3.642077033718427
3.785913576682409
3.4153791268666587
3.483503962556521
3.510590891043345
3.3464137613773346
3.4871794283390045
3.486590802669525
3.3588453829288483
3.3131992369890213
3.4250201682249704
3.4563963065544763
3.2188477516174316
3.2237170735994973
3.2370133996009827
3.19278555115064
3.3430533707141876
3.1832426140705743
3.1060270766417184
3.0370402137438455
3.181941772500674
3.0660839478174844
3.126397132873535
3.140074168642362
