467.78910138530114
443.2261401760963
381.9049857354933
196.16651916503906
104.2828006129111
62.27748070993731
54.59382850893082
29.106432145641698
19.487909932290354
16.54330330510293
13.759570091001448
11.926455774614888
10.883533600837954
10.041626991764192
8.367898879512664
8.0264343138664
8.127853116681498
7.221659429611698
6.657085649428829
6.373556075557586
6.024776135721514
6.137446080484698
5.960740166325723
5.3993818683009
5.423243814899076
4.903614413353704
4.93057470936929
4.66406383052949
4.799004785476193
4.683963990980579
4.613029387689406
4.532909131819202
4.788117216479394
4.30372428894043
4.373775497559579
4.458695573191489
4.112121005212107
4.303019492856918
4.235803996362994
4.066864621254705
4.0131756644095145
3.862007810223487
4.082284581276678
3.8824371753200406
3.699685727396319
3.9248987705476823
3.8215153140406453
3.701801153921312
3.807177012966525
3.5820502311952653
3.7957037802665465
3.638743292900824
3.520838814397012
3.6632346260932183
3.5927910650930097
3.41108428278277
3.579773287619314
3.6204085888401156
3.532109921978366
3.386396000462194
3.3840591753682783
3.512091875076294
3.3477857574339835
3.2675854159939672
3.262589769978677
3.4425485903216946
3.267823903791366
3.3411659502214
3.080201510460146
3.3661164545243785
3.2938774708778626
3.2294598241006174
3.22632098197937
3.2810924591556674
3.1944136158112557
3.177166485017346
3.2590406248646397
3.156157032135994
3.1939154209629184
3.228882151265298
3.166285184121901
3.0964486522059285
3.13552438828253
3.072310463074715
2.9656131421366045
3.2477877140045166
3.093764812715592
2.991434097290039
3.054778060605449
2.9623756639419065
2.9719492927674325
3.074650410682924
2.992757974132415
2.948457379494944
2.9907436678486485
3.0826545530749905
2.8923073584033596
3.0324142440672843
3.0188540489442888
3.036937675168437
3.1271578188865417
3.0213995979678248
2.9090862120351484
2.994311309629871
2.9362127934732745
3.076983021151635
2.999626067376906
2.968857234524142
2.9705844002385295
3.0179595101264214
2.8498093774241786
2.9725360024359917
2.9051124665044967
3.003247038010628
2.8925004389978226
2.9019765930791057
3.0026938838343464
2.852576478835075
3.00539049794597
2.8444610026574906
2.9609243946690715
2.968983873244255
2.872255725245322
2.8819477327408327
2.9433337719209733
2.851599677916496
3.0953500270843506
2.7892688243619856
2.8643349139921126
2.9001345788278887
2.8186741336699455
2.887761508264849
2.920317034567556
2.91243843109377
2.9283468877115557
2.9031896821914183
2.8392679922042356
2.862678204813311
2.8648440299495572
2.7462930064047537
2.879845226964643
2.8435139040793143
2.954387741704141
2.7641141030096237
2.8396294040064656
2.89500093460083
2.8548524456639446
2.9385312372638333
2.7878679767731698
2.766485975634667
2.8130195371566282
2.7836800236855783
2.939147049380887
2.8028960612512406
2.809843824755761
2.7334773309769167
2.907231569290161
2.791067184940461
2.743694566911267
2.735628766398276
2.8300982675244732
2.7606596639079433
2.8824613786512807
2.7559606798233522
2.8022197831061577
2.7784494200060443
2.8895111237802813
2.8954996447409354
2.8310999716481855
2.796907017307897
2.8809642022655857
2.8217726445967153
2.813982848198183
2.763491092189666
2.782458589922997
2.872762526235273
2.7514969841126473
2.7878328600237445
2.89692493407957
2.769780566615443
2.9593007949090775
2.8559987775741087
2.7762083007443334
2.7921624183654785
2.840558159735895
2.6969035748512513
2.863163471221924
2.8265735564693326
2.8501108538719917
2.7976473531415387
2.7482292036856375
2.708478581520819
2.97620056521508
2.856419993985084
2.7636551318630094
2.8376080297654673
2.7529652810865834
2.7688632242141233
2.763290782128611
2.7622833021225466
