454.9838005701701
432.45703315734863
264.15456104278564
126.29014571507771
67.38447439670563
29.04764262835185
19.75526785850525
14.912877837816874
12.878509442011515
9.492872794469198
9.182395249605179
7.992133418718974
7.096493532260259
6.32569835583369
6.5287690957387285
5.732528179883957
5.376559674739838
5.172605087359746
4.890125662088394
4.93610476454099
4.679753517111142
4.859907786051433
4.34524941444397
4.535093853871028
4.381754706303279
4.263833423455556
4.103658666213353
3.864457368850708
4.275071074565251
3.935018723209699
3.9237271348635354
3.855258842309316
3.8287430653969445
3.783904254436493
3.620397369066874
3.7403033624092736
3.7340564727783203
3.6344979455073676
3.7787745743989944
3.429993987083435
3.497370238105456
3.5008725027243295
3.3651597996552787
3.494745393594106
3.4808312902847924
3.3622277230024338
3.3337114801009498
3.4055382758378983
3.4603814631700516
3.223156919082006
3.216792012254397
3.250887488325437
3.1923609177271524
3.3328137000401816
3.1779091159502664
3.104522868990898
3.0464292814334235
3.174906646211942
3.085930645465851
3.1171467701594033
3.1369191159804664
3.111509626110395
3.0741445620854697
3.0863929788271585
3.03885289033254
3.088438495993614
3.270569463570913
3.031775380174319
3.08672663072745
3.0129991471767426
2.975801299015681
2.9416630963484445
3.0205609450737634
2.995280091961225
3.0185141563415527
3.044401923815409
2.9498318235079446
2.9739457269509635
2.8629122376441956
2.9897540708382926
