467.11290125693046
443.1546138640373
385.6670930923954
201.1369380335654
104.80462461902249
61.347020426104145
54.497142053419545
28.54655659583307
19.48119055840277
16.5246062432566
13.678704384834536
12.008863233750866
11.104832064720892
10.156801377573322
8.494328960295647
8.136106552616242
8.211011702014554
7.322565663245417
6.720300305274225
6.389462086462205
5.990998714200912
6.119137825504426
5.9839822861456105
5.42790400597357
5.3963499992124495
4.891391531113656
4.93011393854695
4.648417095984182
4.769504777846798
4.696939652965915
4.591514441274827
4.52022777065154
4.7609484503346104
4.302437443887034
4.327989624392602
4.4360280575290805
4.087779998779297
4.293597921248405
4.200465502277497
4.032147761314146
4.0049710504470335
3.840272057440973
4.063505418838993
3.87568486121393
3.6862854957580566
3.9152867640218427
3.847555222049836
3.692139910113427
3.829696770637266
3.6136771017505276
3.7861555468651558
3.650465888361777
3.540977701064079
3.70137373862728
3.5929924057376
3.3978638879714476
3.5699399901974584
3.6269168007758354
3.535410934878934
3.4074269187065864
3.3800969739114084
3.561173854335662
3.320058722649851
3.262078300599129
3.2327601986546672
3.443182852960402
3.2842958819481636
3.3337890409654185
3.08325163010628
3.3509675072085474
3.2988401843655493
3.2108502695637364
3.22365552379239
3.2724659981266147
3.2028034425550893
3.1649945166803177
3.2138798852120676
3.161007235127111
3.174726370842226
3.1973043872464086
3.1654266157457904
3.0829996139772478
3.136692423974314
3.0982771919619654
2.9528374056662283
3.2261985425026185
3.0577272138287945
2.9578968786424205
3.0344594986208024
2.976925257713564
2.983689369693879
3.0909982035236974
2.9839126679205124
2.949673552666941
3.0027916277608564
3.0821434990052254
2.8851066635501
3.0110876021846646
3.0191386822731263
3.0429314490287536
3.1284368345814366
3.01651995412765
2.9268781600459928
2.9870956636244252
2.9358861523289836
3.0478115389423985
2.9990270906879055
2.991268027213312
2.9525622936987106
3.0178992286805184
2.858318721094439
2.97856875388853
2.888677543209445
2.9774289592619865
2.8687617086595103
2.8956412576859996
3.0078479859136764
2.8467207800957466
2.980844020843506
2.8450056276013775
2.939999472710394
2.9435462720932497
2.8475555066139466
2.875045330293717
2.937575040325042
2.8402413475898003
3.100657093909479
2.7996562527072046
2.8549198796672206
2.8823992052385883
2.7929779021970687
2.8770800713569886
2.902698686045985
2.8672739151985414
2.9556586819310344
2.8898553386811288
2.8358771877904094
2.852483941662696
2.862777586906187
2.72752458049405
2.8619081666392665
2.837772907749299
2.9357277270286315
2.771729438535629
2.8407949324577086
2.880922056013538
2.8472753570925806
2.9133308625990346
2.7736448472545994
2.763874476955783
2.8018925420699583
2.774678276431176
2.9184780428486485
2.7982246491216842
2.8118790580380346
2.7468079982265348
2.8844359151778685
2.790496472389467
2.7269629739945933
2.7272166744355233
2.8256990063575005
2.7356096544573383
2.8634862053778862
2.7508759190959315
2.810360247089017
2.779660040332425
2.888662568984493
2.909741847745834
2.8234476812424196
2.771639839295418
2.8726486006090717
2.80674938232668
2.783196864589568
2.7672160825421734
2.7831793062148558
2.8712661189417683
2.746453615926927
2.7689096389278287
2.871906218990203
2.769523689823766
2.9367217402304373
2.872226545887609
2.7742281959902857
2.777924468440394
2.819116715461977
2.682831802675801
2.8597079630820983
2.82391998844762
2.830089453727968
2.7773505487749652
2.760471528576266
2.68157745176746
2.9292073019089235
2.8632023411412395
2.758616378230433
