0
0.0
0.0
0.0
0.0
0.0
0.0
0.0
0.0
0.0
0.0
0.0
0.0
0.0
0.0
0.0
0.0
0.0
0.0
0.0
0.0015322960867515322
0.0014144271570014145
0.0006810204830006809
0.008546615404862205
0.004014401440144014
0.0016546938530340107
0.008665053749731888
0.012540351779538855
0.01309251804301309
0.011857569600820208
0.017671034020695302
0.017415184051201085
0.016730652657102444
0.018779778357588386
0.020682895357204894
0.02091101967339591
0.022845180551241535
0.019898418413269895
0.017170947864017173
0.016947868256213378
0.014646165077337224
