463.3887939453125
585.9040832519531
400.2598876953125
516.5855712890625
506.56531778971356
390.5954284667969
329.45862833658856
446.17249552408856
574.331064860026
638.2772318522135
343.6034647623698
644.7372639973959
493.9661407470703
342.0392557779948
349.3046162923177
330.9282735188802
322.9514617919922
272.4053446451823
286.5946502685547
502.47303263346356
242.4151153564453
265.50123087565106
391.29644266764325
218.18585713704428
223.68814086914062
272.7428029378255
176.79983266194662
220.05328877766928
168.656862894694
187.42009480794272
143.35853576660156
189.4655303955078
133.77743784586588
168.15952809651694
119.55046081542969
201.65441385904947
149.17454528808594
135.49822235107422
94.6307373046875
169.78296661376953
196.42064666748047
125.22006734212239
121.00853220621745
103.16329701741536
75.24381764729817
98.08980560302734
84.08047485351562
117.28176879882812
87.65766270955403
94.5874417622884
77.08632532755534
73.91785430908203
57.178019205729164
74.53835550944011
61.02001825968424
58.24805450439453
65.43502553304036
68.77613957722981
55.57481129964193
51.96097946166992
42.30320358276367
54.1484260559082
71.4947509765625
60.255104064941406
53.380619049072266
42.977316538492836
44.48800532023112
34.19082005818685
40.51281992594401
36.77709643046061
49.25495147705078
38.639451344807945
45.42005920410156
44.71490732828776
40.89292017618815
29.848852157592773
29.016377766927082
30.83831278483073
29.167653401692707
29.60702133178711
42.001757303873696
31.30468686421712
28.307763417561848
30.682401021321613
35.662895838419594
27.391908645629883
22.079806009928387
30.329268137613933
23.50959014892578
23.148187001546223
31.265029271443684
34.15548197428385
26.525838216145832
22.6709410349528
27.273523330688477
20.699812571207683
22.488584518432617
25.690412521362305
25.653059005737305
22.507270177205402
18.86791483561198
20.29311688741048
21.169532775878906
32.728691736857094
18.78660774230957
44.348283767700195
22.45445505777995
22.063243865966797
23.494352340698242
18.877522786458332
18.68178113301595
21.0932133992513
19.503933588663738
19.065974553426106
21.68334134419759
19.78147252400716
20.779593149820965
21.87694040934245
18.420001983642578
17.225236574808758
16.816531499226887
18.90279738108317
18.992379506429035
17.372138341267902
17.42895444234212
21.415045420328777
16.9234619140625
18.427215576171875
18.76224199930827
17.872753143310547
15.684057235717773
17.646902720133465
15.510368665059408
17.699861526489258
16.897968928019207
14.415760358174643
17.496257781982422
18.056843757629395
16.088062922159832
17.45196024576823
15.784260749816895
14.856576601664225
15.029271761576334
15.77828057607015
16.353093147277832
15.628067970275879
15.33756160736084
17.734711329142254
16.43866539001465
14.582983334859213
16.580896377563477
14.815295219421387
14.131834983825684
14.96662712097168
14.553168932596842
13.926883697509766
13.970273653666178
16.258306821187336
15.600763003031412
17.391504605611164
15.227933247884115
15.408185005187988
14.402836163838705
14.889703750610352
14.95502503712972
15.707366307576498
14.992578824361166
13.113339106241861
16.645597139994305
15.155727704366049
14.268294334411621
15.339939753214518
14.92147699991862
14.989566167195639
18.27991771697998
16.673010508219402
16.25528399149577
14.163914998372396
14.339338620503744
13.365617116292318
16.238049189249676
15.017556508382162
17.703999519348145
15.211454391479492
14.513280550638834
16.25866985321045
18.247397422790527
14.427094141642252
14.408263206481934
14.614618301391602
18.92471694946289
19.87843894958496
14.270343144734701
15.374418258666992
14.497166951497396
42.178768475850426
15.03377596537272
14.934534390767416
30.823967615763348
14.512413024902344
