datasets\FP\JPEGImages\frame_000040.jpg 139,409,937,542,0 643,410,715,487,3 562,408,632,489,2 117,50,960,208,0 562,55,641,147,2 644,55,729,147,3 995,7,1101,209,1 1004,80,1099,172,4
datasets\FP\JPEGImages\frame_000006.jpg 135,412,942,553,0 559,414,632,489,2 640,415,710,490,3 111,52,957,212,0 565,65,640,149,2 649,67,726,149,3 987,16,1106,218,1 1005,87,1102,183,4
datasets\FP\JPEGImages\fp02_000205.jpg 189,426,924,595,0 583,462,649,543,2 651,459,723,539,3 158,95,924,283,0 569,143,642,225,2 644,143,714,224,3 958,83,1058,259,1 961,147,1055,226,4
datasets\FP\JPEGImages\fp03_000035.jpg 460,392,903,468,0 677,395,715,437,2 721,393,762,441,3 458,283,901,354,0 673,304,710,352,2 717,305,757,353,3 442,139,894,234,0 661,146,702,193,2 707,143,747,196,3 430,12,888,113,0 658,46,693,100,2 702,43,744,104,3 905,103,967,188,1 908,139,962,183,4
datasets\FP\JPEGImages\frame_000161.jpg 139,415,949,542,0 565,417,637,500,2 640,417,714,500,3 130,63,962,212,0 562,70,642,154,2 642,70,724,160,3 990,5,1108,211,1 996,78,1102,180,4
datasets\FP\JPEGImages\frame_000363.jpg 43,394,485,463,0 275,395,315,446,2 316,395,361,445,3 40,287,482,362,0 274,310,318,356,2 318,310,362,357,3 498,125,561,217,1 506,163,550,214,4 47,154,487,238,0 277,160,321,208,2 320,160,366,208,3 42,35,487,127,0 280,68,322,119,2 323,70,368,120,3
datasets\FP\JPEGImages\frame_000022.jpg 128,408,933,546,0 643,411,712,486,3 559,411,632,487,2 120,52,951,207,0 564,58,637,144,2 647,59,727,144,3 987,4,1101,210,1 1003,77,1095,183,4
datasets\FP\JPEGImages\fp03_000260.jpg 417,50,877,146,0 641,86,681,141,2 687,81,730,137,3 428,176,866,264,0 646,180,686,233,2 692,179,731,226,3 439,314,885,389,0 655,335,694,387,2 698,336,740,393,3 447,423,882,499,0 660,427,699,475,2 702,427,743,476,3 885,143,946,229,1 891,176,940,223,4
datasets\FP\JPEGImages\fp03_000050.jpg 421,42,898,139,0 651,73,692,123,2 701,68,741,120,3 442,165,889,254,0 657,171,702,218,2 706,170,745,216,3 454,308,901,382,0 668,330,709,380,2 714,328,752,380,3 461,417,895,498,0 674,420,714,465,2 717,420,758,468,3 904,130,959,212,1 907,162,957,206,4
datasets\FP\JPEGImages\frame_000083.jpg 1027,65,1110,164,4 1012,1,1121,197,1 140,41,974,195,0 582,50,660,131,2 666,49,743,134,3 158,399,960,539,0 582,402,655,477,2 664,399,732,474,3
datasets\FP\JPEGImages\fp03_000245.jpg 438,428,880,503,0 652,430,689,474,2 695,429,734,477,3 435,321,871,389,0 648,342,683,389,2 691,340,730,389,3 422,181,862,265,0 637,183,677,233,2 683,183,722,234,3 871,146,933,230,1 877,179,930,224,4 411,51,858,149,0 630,89,670,142,2 677,87,717,140,3
datasets\FP\JPEGImages\fp03_000155.jpg 437,450,887,527,0 659,454,698,499,2 702,455,739,501,3 436,342,881,408,0 654,365,693,408,2 699,363,736,409,3 424,201,873,286,0 645,206,685,250,2 690,206,729,252,3 412,72,877,174,0 639,107,680,164,2 684,108,725,159,3 885,165,944,251,1 889,201,939,242,4
datasets\FP\JPEGImages\frame_000431.jpg 470,69,529,174,1 472,109,527,162,4 6,83,452,165,0 236,87,278,148,2 279,89,322,149,3 7,270,443,348,0 232,276,274,326,2 275,276,319,328,3
datasets\FP\JPEGImages\fp04_000215.jpg 951,150,1048,306,1 959,220,1036,297,1 213,34,930,151,0 586,71,653,153,2 658,74,730,154,3 208,217,923,331,0 585,221,654,304,2 656,221,729,306,3 205,432,924,551,0 585,471,652,550,2 655,473,731,545,3 203,617,927,720,0 583,621,654,701,2 656,623,730,699,3
datasets\FP\JPEGImages\fp02_000105.jpg 970,98,1052,254,4 973,157,1052,243,4 183,152,921,297,0 577,155,653,242,2 654,156,725,242,3 200,426,929,598,0 586,468,660,549,2 652,467,725,549,3
datasets\FP\JPEGImages\fp03_000250.jpg 413,50,866,148,0 637,84,676,142,2 684,84,723,140,3 421,176,868,268,0 642,181,682,232,2 687,184,727,233,3 433,312,876,394,0 651,342,691,390,2 696,340,733,393,3 446,424,873,498,0 657,426,695,476,2 701,427,739,478,3 881,142,942,228,1 882,179,937,221,4
datasets\FP\JPEGImages\frame_000032.jpg 135,414,942,549,0 561,414,629,487,2 640,415,714,486,3 115,52,951,205,0 564,62,635,142,2 645,59,724,143,3 989,10,1099,211,1 1004,80,1096,173,4
datasets\FP\JPEGImages\frame_000026.jpg 124,408,942,542,0 557,409,633,484,2 638,409,708,485,3 114,46,946,208,0 560,54,635,143,2 645,56,722,145,3 987,8,1095,209,1 995,78,1092,166,4
datasets\FP\JPEGImages\frame_000139.jpg 993,9,1106,216,1 1003,83,1107,180,4 129,64,963,218,0 571,68,645,155,2 655,69,730,158,3 154,414,950,553,0 568,415,647,497,2 648,414,727,498,3
datasets\FP\JPEGImages\frame_000138.jpg 146,414,950,554,0 567,418,640,496,2 647,418,721,495,3 127,56,963,212,0 569,70,646,156,2 649,70,731,159,3 998,11,1104,208,1 1002,87,1101,179,4
datasets\FP\JPEGImages\frame_000079.jpg 151,399,950,540,0 570,401,642,479,2 654,404,724,481,3 127,41,964,194,0 571,49,651,136,2 654,49,734,141,3 1001,2,1115,196,1 1016,67,1110,158,4
datasets\FP\JPEGImages\frame_000453.jpg 33,47,482,121,0 42,149,480,225,0 40,283,474,350,0 40,391,470,452,0 495,116,549,211,1 497,159,546,206,4 272,60,318,113,2 272,153,317,205,2 269,302,312,349,2 267,393,310,436,2 310,394,355,438,3 315,302,354,350,3 317,154,360,208,3 317,59,361,114,3
datasets\FP\JPEGImages\frame_000360.jpg 969,6,1082,217,1 979,89,1076,187,4 89,64,936,223,0 528,71,610,167,2 608,74,697,168,3 88,430,929,568,0 539,431,610,513,2 610,427,692,517,3
datasets\FP\JPEGImages\fp04_000155.jpg 957,143,1059,295,1 963,211,1046,291,4 211,26,931,142,0 586,63,659,142,2 657,64,733,146,3 210,211,928,325,0 583,212,657,290,2 659,211,729,285,3 201,423,933,540,0 583,464,657,541,2 661,465,734,539,3 205,609,932,720,0 586,617,656,695,2 662,618,735,695,3
datasets\FP\JPEGImages\frame_000091.jpg 1024,80,1112,175,4 1008,6,1118,205,1 139,49,965,203,0 579,62,653,146,2 661,63,737,147,3 158,409,952,548,0 578,411,651,487,2 657,412,732,488,3
datasets\FP\JPEGImages\frame_000511.jpg 4,267,432,347,0 3,78,444,161,0 462,67,524,172,1 469,105,517,156,4 232,87,272,140,2 226,273,268,324,2 269,273,310,323,3 272,86,317,143,3
datasets\FP\JPEGImages\frame_000123.jpg 143,413,944,545,0 567,415,639,488,2 645,415,717,487,3 129,57,962,209,0 565,65,643,156,2 645,65,728,155,3 987,9,1111,206,1 1004,87,1105,175,4
datasets\FP\JPEGImages\frame_000503.jpg 33,399,465,463,0 34,294,462,360,0 28,167,463,237,0 30,54,466,131,0 303,80,346,130,3 302,170,345,215,3 300,317,343,360,3 302,399,344,447,3 258,400,300,448,2 258,315,298,360,2 259,170,300,216,2 259,78,300,133,2 477,131,532,219,1 478,172,528,217,4
datasets\FP\JPEGImages\frame_000030.jpg 133,408,929,546,0 558,411,626,490,2 639,411,709,489,3 117,48,937,205,0 561,60,635,148,2 642,61,721,143,3 980,8,1100,206,1 999,74,1096,181,4
datasets\FP\JPEGImages\fp03_000255.jpg 888,143,946,229,1 889,179,945,223,4 449,429,882,502,0 662,429,699,479,2 704,429,742,477,3 441,317,877,392,0 654,340,694,389,2 701,341,740,393,3 431,183,876,268,0 647,183,685,234,2 694,183,733,235,3 416,58,877,154,0 644,89,680,142,2 687,81,730,142,3
datasets\FP\JPEGImages\fp04_000120.jpg 207,43,940,138,0 588,59,660,134,2 655,61,731,139,3 207,196,922,326,0 586,206,657,296,2 657,207,737,298,3 200,427,925,537,0 586,460,657,539,2 659,461,736,537,3 197,614,932,720,0 587,619,658,693,2 658,617,733,696,3 951,136,1057,295,1 962,205,1050,292,4
datasets\FP\JPEGImages\frame_000082.jpg 137,35,959,193,0 580,49,655,135,2 665,47,739,134,3 152,392,963,531,0 578,395,652,479,2 660,397,733,477,3 1010,1,1121,192,1 1024,58,1112,162,4
datasets\FP\JPEGImages\frame_000011.jpg 990,13,1102,217,1 1004,86,1096,178,4 111,55,955,218,0 643,65,726,154,3 561,58,639,153,2 136,414,949,561,0 641,414,711,495,3 559,412,637,497,2
datasets\FP\JPEGImages\fp03_000165.jpg 443,449,874,526,0 654,451,693,499,2 699,452,735,498,3 436,337,873,408,0 651,366,685,409,2 695,365,732,409,3 420,202,867,289,0 639,204,680,256,2 686,202,726,257,3 413,80,874,173,0 635,112,674,167,2 677,106,723,164,3 879,166,939,250,1 882,200,935,243,4
datasets\FP\JPEGImages\frame_000473.jpg 42,155,480,235,0 44,50,477,128,0 40,287,474,360,0 44,394,472,460,0 315,397,357,445,3 271,398,317,447,2 271,310,312,360,2 273,159,315,214,2 320,73,361,126,3 317,159,361,215,3 314,310,358,361,3 496,130,554,217,1 501,169,546,212,4
datasets\FP\JPEGImages\frame_000426.jpg 468,68,526,171,1 472,102,521,158,4 4,82,443,155,0 6,263,441,342,0 229,271,274,322,2 233,84,276,143,2 275,84,320,143,3 272,270,316,323,3
datasets\FP\JPEGImages\frame_000156.jpg 120,58,956,219,0 564,68,643,158,2 644,70,726,159,3 998,9,1101,215,1 1004,85,1097,181,4 148,418,944,555,0 566,421,637,497,2 640,419,718,498,3
datasets\FP\JPEGImages\fp03_000230.jpg 414,74,851,156,0 631,98,670,152,2 678,96,717,155,3 420,179,858,270,0 639,192,679,239,2 682,192,722,241,3 436,315,864,395,0 645,346,686,395,2 690,345,728,396,3 441,431,870,511,0 650,431,689,481,2 695,433,730,480,3 872,152,930,237,1 877,186,925,234,4
datasets\FP\JPEGImages\frame_000486.jpg 32,395,473,464,0 35,294,470,357,0 33,158,475,235,0 30,49,475,124,0 491,126,547,218,1 494,166,543,212,4 313,73,361,124,3 268,71,311,124,2 269,163,309,212,2 310,165,356,215,3 265,313,306,357,2 265,401,307,443,2 307,400,352,442,3 307,312,353,359,3
datasets\FP\JPEGImages\frame_000508.jpg 8,259,440,343,0 6,74,448,155,0 234,79,278,130,2 232,268,272,317,2 272,269,316,317,3 280,78,323,132,3 469,57,528,163,1 474,96,526,152,4
datasets\FP\JPEGImages\frame_000005.jpg 1011,93,1098,180,4 989,15,1106,220,1 568,72,637,149,2 651,74,723,149,3 126,51,970,215,0 140,421,946,554,0 560,422,633,491,2 642,421,712,492,3
datasets\FP\JPEGImages\frame_000429.jpg 3,275,431,351,0 3,87,430,163,0 222,90,262,150,2 260,92,307,149,3 261,280,304,335,3 216,280,261,336,2
datasets\FP\JPEGImages\frame_000043.jpg 1010,82,1097,174,4 990,5,1106,209,1 108,48,955,199,0 566,59,639,141,2 646,60,726,142,3 136,409,943,544,0 560,409,633,488,2 644,411,715,486,3
datasets\FP\JPEGImages\frame_000057.jpg 1000,3,1105,202,1 1015,76,1105,165,4 126,40,965,202,0 652,55,736,143,3 570,54,645,141,2 139,395,943,545,0 569,407,646,490,2 649,405,721,489,3
datasets\FP\JPEGImages\frame_000422.jpg 6,75,446,155,0 9,264,438,340,0 463,63,524,168,1 468,100,522,153,4 277,84,321,142,3 232,84,278,142,2 231,268,272,324,2 273,271,316,319,3
datasets\FP\JPEGImages\frame_000460.jpg 22,389,485,462,0 25,275,486,348,0 25,133,492,216,0 24,23,500,103,0 512,100,572,199,1 516,146,563,195,4 326,41,375,99,3 277,40,327,100,2 273,139,319,195,2 319,138,368,196,3 312,296,362,348,3 268,296,314,348,2 266,390,310,438,2 308,390,360,439,3
datasets\FP\JPEGImages\fp03_000285.jpg 449,426,884,506,0 660,427,701,474,2 703,427,745,475,3 444,316,880,387,0 657,339,698,388,2 698,337,740,387,3 425,172,873,260,0 647,180,687,226,2 695,179,735,227,3 410,46,871,141,0 642,84,685,138,2 689,81,729,142,3 887,142,948,223,1 892,174,945,215,4
datasets\FP\JPEGImages\fp02_000185.jpg 190,427,914,590,0 574,456,643,534,2 649,455,716,533,3 949,81,1055,261,1 955,149,1044,236,4 161,139,926,282,0 564,137,638,228,2 640,139,712,229,3
datasets\FP\JPEGImages\frame_000491.jpg 22,402,483,465,0 23,287,477,357,0 22,149,481,223,0 14,33,480,112,0 498,115,558,208,1 501,156,549,200,4 263,54,310,111,2 265,152,308,202,2 263,308,307,357,2 265,404,305,447,2 308,403,356,449,3 308,308,355,358,3 310,152,356,203,3 311,54,359,111,3
datasets\FP\JPEGImages\fp02_000010.jpg 582,467,644,544,2 651,465,716,539,3 188,421,917,594,0 165,145,920,295,0 565,154,636,235,2 641,154,712,235,3 948,95,1051,271,1 962,156,1043,240,4
datasets\FP\JPEGImages\frame_000166.jpg 127,62,951,211,0 565,71,640,152,2 645,70,726,154,3 148,414,946,548,0 564,411,639,496,2 639,411,712,500,3 986,5,1101,210,0 999,81,1090,175,4
datasets\FP\JPEGImages\frame_000175.jpg 151,416,945,545,0 129,60,955,213,0 1002,80,1095,177,4 989,12,1105,206,1 565,66,643,154,2 570,417,639,492,2 645,65,727,148,3 645,418,716,490,3
datasets\FP\JPEGImages\fp03_000315.jpg 870,146,931,232,1 870,183,927,228,4 387,50,858,151,0 621,90,661,142,2 665,88,710,143,3 410,180,858,270,0 625,188,665,236,2 672,186,710,235,3 420,325,865,396,0 636,347,675,394,2 682,346,721,394,3 426,432,867,514,0 640,437,681,479,2 686,439,725,484,3
datasets\FP\JPEGImages\fp02_000020.jpg 187,427,925,595,0 578,464,646,542,2 646,462,717,537,3 165,144,923,290,0 565,151,639,233,2 638,151,711,231,3 942,93,1056,265,1 961,149,1040,237,4
datasets\FP\JPEGImages\fp02_000035.jpg 958,152,1045,238,4 948,91,1056,262,1 174,143,917,279,0 567,149,639,233,2 640,149,716,233,3 197,429,917,589,0 580,462,649,536,2 651,459,724,536,3
datasets\FP\JPEGImages\frame_000096.jpg 155,411,953,550,0 571,414,646,493,2 651,412,726,495,3 143,56,957,211,0 574,67,654,158,2 655,67,737,156,3 1010,11,1110,206,1 1016,83,1103,176,4
datasets\FP\JPEGImages\fp03_000080.jpg 454,429,900,510,0 674,429,715,481,2 719,428,760,482,3 449,320,900,393,0 670,343,705,392,2 715,342,753,393,3 435,180,890,268,0 661,184,699,236,2 705,184,748,238,3 424,51,896,152,0 654,84,695,143,2 701,82,740,138,3 903,140,964,229,1 907,176,962,224,4
datasets\FP\JPEGImages\frame_000060.jpg 137,401,949,546,0 566,406,639,484,2 648,409,721,486,3 120,48,987,206,0 564,53,649,142,2 649,52,728,143,3 993,5,1111,208,1 1008,77,1101,164,4
datasets\FP\JPEGImages\fp03_000010.jpg 426,27,887,121,0 653,64,693,113,2 700,61,739,112,3 437,158,880,241,0 658,161,699,210,2 703,159,742,208,3 898,109,961,211,1 905,153,958,198,4 446,293,914,370,0 671,317,705,364,2 714,314,754,368,3 465,401,896,489,0 672,406,711,452,2 719,407,756,455,3
datasets\FP\JPEGImages\frame_000524.jpg 490,55,548,167,1 497,97,548,147,4 2,72,463,152,0 239,77,286,138,2 287,78,336,138,3 2,273,464,351,0 236,279,282,333,2 281,280,329,335,3
datasets\FP\JPEGImages\frame_000418.jpg 22,59,450,135,0 25,164,452,241,0 19,296,454,357,0 31,398,454,461,0 251,401,289,442,2 292,399,331,441,3 291,315,335,358,3 249,311,288,359,2 248,168,290,214,2 292,167,335,216,3 294,79,337,132,3 250,78,294,132,2 465,133,518,218,1 471,170,516,218,4
datasets\FP\JPEGImages\fp04_000165.jpg 204,618,933,716,0 587,619,655,695,2 660,617,736,693,3 210,419,925,546,0 582,464,655,546,0 658,466,733,547,3 210,198,936,328,0 586,209,659,295,2 660,209,730,298,3 208,26,935,142,0 585,62,655,142,2 654,61,732,143,3 954,136,1055,294,1 962,210,1046,291,4
datasets\FP\JPEGImages\frame_000000.jpg 118,54,956,217,0 565,73,640,149,2 649,74,726,152,3 1011,93,1096,186,4 996,18,1104,222,1 133,419,940,552,0 564,421,630,491,2 643,418,711,491,3
datasets\FP\JPEGImages\frame_000004.jpg 132,417,946,555,0 640,417,715,491,3 562,417,635,493,2 120,59,955,216,0 651,68,726,155,3 569,62,642,151,2 995,13,1102,218,1 1004,91,1101,183,4
datasets\FP\JPEGImages\frame_000152.jpg 980,14,1102,214,1 990,84,1097,187,4 124,62,957,217,0 558,66,640,154,2 640,65,722,160,3 139,416,935,555,0 561,415,633,495,2 633,415,717,495,3
datasets\FP\JPEGImages\frame_000489.jpg 505,116,566,208,1 511,159,562,204,4 25,36,492,116,0 29,156,491,229,0 30,294,488,361,0 28,400,489,472,0 270,404,316,448,2 315,405,359,450,3 316,311,361,359,3 320,157,362,202,3 321,61,367,113,3 272,59,317,113,2 273,157,319,203,2 270,311,314,361,2
datasets\FP\JPEGImages\frame_000053.jpg 1020,71,1107,170,4 1004,2,1115,198,1 659,56,735,137,3 127,40,969,201,0 574,55,648,136,2 142,409,960,542,0 652,408,724,479,3 573,409,642,479,2
datasets\FP\JPEGImages\frame_000155.jpg 151,414,949,551,0 563,417,639,498,2 637,416,720,501,3 126,59,954,211,0 563,71,641,161,2 640,71,727,164,3 991,11,1099,215,1 998,85,1094,181,4
datasets\FP\JPEGImages\frame_000162.jpg 990,12,1096,211,1 1002,80,1098,177,4 128,64,955,209,0 564,68,641,159,2 641,70,724,157,3 149,410,939,547,0 565,413,636,496,2 641,410,714,498,3
datasets\FP\JPEGImages\frame_000019.jpg 995,12,1104,206,1 1002,81,1103,175,4 123,46,963,214,0 565,60,644,145,2 652,62,727,146,3 140,413,950,548,0 564,414,635,487,2 645,414,716,489,3
datasets\FP\JPEGImages\fp02_000055.jpg 177,138,942,274,0 576,145,646,223,2 652,144,722,227,3 206,430,921,580,0 588,455,654,533,2 662,456,726,529,3 964,80,1064,258,1 976,146,1051,231,4
datasets\FP\JPEGImages\fp02_000030.jpg 190,424,908,587,0 578,464,645,543,2 652,463,720,537,3 165,150,921,289,0 568,156,636,232,2 645,154,711,230,3 948,90,1052,266,1 961,154,1042,240,4
datasets\FP\JPEGImages\frame_000522.jpg 476,63,540,169,0 485,99,536,154,4 4,74,459,157,0 286,81,329,138,3 282,275,326,325,3 3,268,449,344,0 234,273,280,328,2 238,83,286,138,2
datasets\FP\JPEGImages\frame_000069.jpg 1005,93,1092,179,4 991,14,1099,218,1 100,58,950,217,0 552,70,632,154,2 638,73,717,154,3 129,422,940,561,0 555,423,629,501,2 636,423,708,499,3
datasets\FP\JPEGImages\fp04_000005.jpg 210,52,934,144,0 586,56,655,147,2 659,60,732,145,3 207,206,926,325,0 587,209,656,286,2 662,209,732,289,3 950,134,1052,293,1 961,203,1045,287,4 206,427,926,534,0 586,460,659,533,2 658,457,730,534,3 195,611,924,718,0 585,612,657,689,2 662,613,733,689,3
datasets\FP\JPEGImages\frame_000107.jpg 143,420,948,544,0 569,421,645,498,2 652,420,724,498,3 127,55,957,217,0 573,70,645,160,2 655,70,733,155,3 1004,14,1111,212,1 1013,85,1104,183,4
datasets\FP\JPEGImages\fp04_000060.jpg 948,144,1053,299,1 962,211,1045,293,4 214,33,926,140,0 586,66,657,139,2 660,69,729,139,3 218,205,929,325,0 589,216,657,290,2 659,218,729,291,3 201,424,923,542,0 586,459,660,542,2 657,462,735,542,3 201,618,937,720,0 587,616,657,699,2 661,620,736,695,3
datasets\FP\JPEGImages\frame_000120.jpg 146,415,940,555,0 562,415,641,505,2 641,414,717,505,3 128,61,958,210,0 564,67,645,160,2 645,67,726,161,3 990,12,1104,213,1 1002,89,1101,183,4
datasets\FP\JPEGImages\fp02_000130.jpg 181,431,909,600,0 570,463,640,540,2 639,458,707,543,3 152,146,904,288,0 560,154,637,239,2 633,152,710,244,3 943,96,1045,272,1 945,161,1048,246,4
datasets\FP\JPEGImages\fp03_000170.jpg 413,76,870,171,0 637,110,675,165,2 684,106,722,164,3 419,199,870,290,0 642,205,681,255,2 687,203,727,255,3 883,166,937,246,1 886,200,936,242,4 433,339,877,412,0 651,362,692,411,2 692,362,736,413,3 441,448,874,527,0 656,451,693,495,2 701,452,742,496,3
datasets\FP\JPEGImages\frame_000490.jpg 31,406,488,468,0 30,290,483,359,0 27,154,496,231,0 24,42,494,112,0 506,117,569,211,1 512,157,560,205,4 319,58,368,110,3 319,157,364,209,3 317,312,362,359,3 317,407,360,454,3 270,406,316,455,2 270,311,317,360,2 272,156,319,209,2 271,59,318,112,2
datasets\FP\JPEGImages\fp02_000170.jpg 954,85,1054,260,1 954,150,1046,230,4 162,145,925,276,0 565,146,639,228,2 642,146,716,230,3 181,427,914,588,0 577,460,646,543,2 646,460,718,540,3
datasets\FP\JPEGImages\frame_000106.jpg 150,414,942,548,0 568,417,644,496,2 650,416,723,496,3 132,60,964,208,0 571,70,648,154,2 652,71,731,156,3
datasets\FP\JPEGImages\frame_000142.jpg 148,417,945,548,0 571,418,643,495,2 652,418,725,494,3 132,63,976,214,0 571,70,651,158,2 651,69,733,159,3 1001,12,1107,213,1 1011,87,1101,177,4
datasets\FP\JPEGImages\fp03_000225.jpg 439,433,868,512,0 650,439,686,484,2 692,442,732,487,3 437,331,864,401,0 646,354,683,401,2 689,352,727,400,3 422,190,859,276,0 634,197,675,245,2 681,198,719,246,3 868,156,932,240,1 873,192,927,237,4 408,66,865,165,0 630,103,670,156,2 676,100,716,157,3
datasets\FP\JPEGImages\frame_000108.jpg 132,63,976,213,0 571,69,652,155,2 651,67,730,156,3 151,421,946,548,0 571,421,642,494,2 651,421,724,493,3 1008,12,1112,211,1 1014,88,1105,176,4
datasets\FP\JPEGImages\frame_000052.jpg 141,402,952,542,0 651,404,725,479,3 575,406,644,480,2 135,45,968,202,0 658,52,735,137,3 577,54,649,136,2 1013,3,1116,199,1 1015,75,1110,164,4
datasets\FP\JPEGImages\fp04_000175.jpg 203,615,927,720,0 584,620,655,694,2 660,620,732,694,3 205,427,928,551,0 585,463,656,542,2 660,463,732,544,3 209,204,932,329,0 585,213,658,295,2 658,212,736,298,3 215,24,924,155,0 584,65,660,146,2 660,68,730,148,3 949,142,1052,302,1 963,214,1045,296,4
datasets\FP\JPEGImages\frame_000054.jpg 146,406,944,543,0 653,407,727,480,3 571,406,645,479,2 130,39,965,206,0 574,53,652,138,2 658,56,733,133,3 1010,2,1117,199,1 1020,73,1108,164,4
datasets\FP\JPEGImages\frame_000084.jpg 157,396,967,531,0 584,398,655,477,2 664,396,736,475,3 147,37,974,195,0 583,42,662,133,2 667,42,744,134,3 1012,1,1121,187,1 1024,63,1110,158,4
datasets\FP\JPEGImages\frame_000099.jpg 154,412,955,537,0 573,415,645,490,2 652,414,724,493,3 129,53,984,213,0 574,70,648,156,2 657,68,735,156,3 1003,11,1117,215,1 1012,84,1107,180,4
datasets\FP\JPEGImages\frame_000516.jpg 1,273,426,354,0 3,88,436,170,0 265,95,307,151,3 220,94,266,152,2 217,280,258,334,2 259,279,306,334,3 450,73,508,181,1 455,111,504,167,4
datasets\FP\JPEGImages\frame_000435.jpg 8,268,450,346,0 2,78,459,155,0 480,60,537,168,1 484,100,535,149,4 237,80,284,142,2 284,81,331,139,3 280,274,326,325,3 235,273,282,324,2
datasets\FP\JPEGImages\frame_000541.jpg 24,345,422,417,0 33,249,425,319,0 38,130,430,208,0 53,49,429,115,0 248,65,285,111,2 287,65,328,113,3 282,145,319,187,3 244,144,282,190,2 238,272,274,315,2 234,354,270,394,2 273,354,312,399,3 277,273,316,317,3 439,118,492,198,1 448,153,486,192,4
datasets\FP\JPEGImages\fp04_000105.jpg 194,621,930,720,0 585,622,661,692,2 663,621,734,695,3 196,429,940,543,0 587,462,655,540,2 657,464,733,540,3 957,139,1058,299,1 962,208,1058,290,4 214,194,933,330,0 587,205,659,290,2 662,205,733,286,3 192,30,929,142,0 584,58,657,140,0 660,62,734,141,3
datasets\FP\JPEGImages\frame_000428.jpg 2,263,422,340,0 3,81,435,157,0 453,67,513,168,1 462,104,510,154,4 224,86,266,140,2 221,269,262,320,2 262,268,306,319,3 266,84,309,140,3
datasets\FP\JPEGImages\frame_000136.jpg 149,411,941,551,0 568,420,638,495,2 650,420,720,498,3 129,61,954,216,0 563,70,645,158,2 651,70,729,154,3 997,9,1107,215,4 1006,86,1102,187,4
datasets\FP\JPEGImages\frame_000051.jpg 1022,73,1111,170,4 1004,4,1115,198,1 658,52,739,142,3 132,42,964,199,0 575,52,651,133,2 143,409,954,541,0 652,407,727,477,3 573,408,649,479,2
datasets\FP\JPEGImages\frame_000059.jpg 998,4,1102,206,1 1011,74,1102,166,4 124,45,957,198,0 564,55,643,141,2 654,58,732,139,3 151,407,943,537,0 565,406,636,497,2 648,407,717,492,3
datasets\FP\JPEGImages\fp03_000130.jpg 435,454,882,538,0 653,459,696,508,2 699,460,739,511,3 429,346,878,419,0 649,371,689,418,2 695,368,734,419,3 411,205,870,290,0 638,211,679,260,2 686,212,726,262,3 408,77,868,178,0 633,115,675,170,2 682,110,721,170,3 882,167,942,257,1 881,205,943,248,4
datasets\FP\JPEGImages\frame_000095.jpg 1017,77,1110,184,4 1003,9,1116,210,1 137,54,967,207,0 576,65,655,149,2 660,67,739,149,3 157,414,961,549,0 576,418,649,491,2 657,414,729,489,3
datasets\FP\JPEGImages\frame_000041.jpg 1007,80,1096,177,4 991,6,1108,211,1 119,45,955,209,0 564,59,639,143,2 647,64,723,142,3 140,412,943,541,0 560,412,632,486,2 642,415,712,484,3
datasets\FP\JPEGImages\frame_000546.jpg 457,78,511,170,1 461,119,508,168,4 13,102,448,182,0 17,7,448,81,0 240,21,286,70,2 238,111,279,162,2 286,20,332,73,3 280,110,320,164,3 4,241,437,308,0 6,342,435,415,0 272,348,316,394,3 274,257,317,302,3 229,254,271,303,2 227,346,269,394,2
datasets\FP\JPEGImages\fp04_000185.jpg 205,616,930,720,0 582,622,657,696,2 657,620,731,697,3 202,432,929,546,0 581,465,656,545,2 658,465,732,545,3 204,206,926,330,0 582,215,654,296,2 656,214,727,292,3 210,32,923,148,0 583,68,657,142,2 657,70,729,145,3 949,147,1048,299,1 957,217,1042,299,4
datasets\FP\JPEGImages\fp02_000155.jpg 955,87,1057,262,1 955,152,1058,237,4 158,142,931,280,0 565,145,642,232,2 642,145,715,232,3 186,424,935,592,0 580,454,646,542,2 644,455,717,543,3
datasets\FP\JPEGImages\frame_000086.jpg 171,394,962,529,0 586,397,658,474,2 664,398,737,475,3 155,37,974,196,0 583,44,663,130,2 665,45,749,132,3 1024,1,1121,190,1 1032,68,1117,155,4
datasets\FP\JPEGImages\frame_000535.jpg 29,285,473,365,0 24,95,480,177,0 301,294,346,346,3 306,99,353,156,3 260,101,306,156,2 258,294,302,348,2 497,81,558,189,1 504,117,553,174,4
datasets\FP\JPEGImages\frame_000437.jpg 6,272,463,354,0 1,73,466,152,0 241,77,286,136,2 286,78,333,136,3 285,278,330,335,3 239,278,287,338,2
datasets\FP\JPEGImages\fp04_000095.jpg 212,30,940,141,0 585,62,653,137,2 661,61,732,140,3 210,207,936,316,0 588,211,660,293,2 659,213,732,292,3 204,432,935,535,0 584,462,660,535,2 657,462,734,536,3 201,616,933,719,0 587,620,658,699,2 661,622,732,698,3 954,140,1058,293,1 963,209,1046,287,4
datasets\FP\JPEGImages\frame_000433.jpg 11,263,445,339,0 238,270,280,321,2 281,268,323,320,3 14,78,454,152,0 240,83,282,134,2 282,84,328,135,3 473,61,533,166,1 476,99,528,155,4
datasets\FP\JPEGImages\frame_000045.jpg 1011,81,1098,171,4 1002,7,1107,202,1 115,46,959,208,0 566,60,639,143,2 648,64,726,145,3 143,410,938,543,0 645,410,717,488,3 562,409,639,489,2
datasets\FP\JPEGImages\fp03_000125.jpg 888,156,949,246,1 892,195,946,241,4 407,68,880,172,0 642,106,682,161,2 689,104,729,160,3 427,195,877,287,0 646,198,686,254,2 690,200,736,255,3 435,337,878,411,0 658,362,695,415,2 701,362,742,414,3 447,444,886,534,0 660,451,704,499,2 707,449,749,501,3
datasets\FP\JPEGImages\frame_000087.jpg 1017,1,1119,193,1 1021,66,1119,159,4 149,34,1013,196,0 585,48,662,137,2 668,49,748,134,3 172,397,960,533,0 585,398,662,474,2 660,399,739,472,3
datasets\FP\JPEGImages\fp04_000230.jpg 208,33,923,151,0 582,73,654,149,2 654,73,726,149,3 211,210,924,337,0 582,221,656,298,2 654,219,727,297,3 192,428,918,554,0 581,472,654,551,2 655,472,733,551,3 195,617,926,720,0 584,625,655,701,2 658,623,728,702,3 943,148,1051,302,1 955,217,1045,303,4
datasets\FP\JPEGImages\fp03_000145.jpg 883,168,946,256,1 886,209,946,252,4 405,88,869,179,0 637,117,673,171,2 680,114,720,168,3 415,199,871,302,0 640,214,683,262,2 685,215,727,262,3 432,349,882,423,0 652,374,688,422,2 693,373,733,421,3 439,456,881,542,0 655,463,696,511,2 701,462,740,514,3
datasets\FP\JPEGImages\frame_000499.jpg 29,400,455,462,0 33,296,454,364,0 31,169,451,238,0 26,63,457,135,0 473,135,527,220,1 476,172,522,218,4 299,83,341,136,3 298,171,339,220,3 297,318,339,364,3 297,403,340,444,3 254,402,298,446,2 253,317,298,364,2 256,171,299,220,2 255,83,298,136,2
datasets\FP\JPEGImages\frame_000020.jpg 135,410,939,543,0 560,411,633,486,2 643,411,715,490,3 116,49,957,208,0 562,58,640,147,2 648,58,726,149,3 993,13,1103,211,1 999,86,1098,176,4
datasets\FP\JPEGImages\frame_000172.jpg 152,406,947,548,0 566,411,641,496,2 640,410,719,497,3 136,51,969,213,0 564,64,640,150,2 641,62,729,154,3 987,5,1105,199,1 1003,80,1100,176,4
datasets\FP\JPEGImages\frame_000128.jpg 994,11,1098,213,1 1005,85,1096,180,4 132,55,962,214,0 563,73,642,151,2 651,72,726,151,3 142,412,945,545,0 567,415,638,493,2 644,414,714,488,3
datasets\FP\JPEGImages\frame_000513.jpg 7,268,440,340,0 5,77,449,157,0 230,269,273,321,2 234,83,277,141,2 276,81,321,143,3 273,268,316,323,3 467,65,530,174,1 472,102,525,158,4
datasets\FP\JPEGImages\fp03_000265.jpg 410,45,871,144,0 641,89,681,137,2 686,82,729,137,3 423,180,875,263,0 647,183,687,231,2 689,183,731,234,3 438,320,876,392,0 654,343,694,390,2 697,343,739,389,3 444,429,884,504,0 657,430,696,476,2 703,429,741,479,3 887,144,948,232,1 890,176,944,223,4
datasets\FP\JPEGImages\frame_000481.jpg 491,115,552,211,1 496,159,548,209,4 22,40,481,118,0 309,64,354,115,3 30,152,478,228,0 28,287,472,356,0 35,397,471,463,0 309,400,353,442,3 309,310,352,356,3 311,159,355,205,3 264,155,308,205,2 264,308,307,355,2 261,400,309,444,2
datasets\FP\JPEGImages\fp04_000225.jpg 948,154,1049,304,1 958,218,1043,302,4 217,28,918,164,0 579,73,654,151,4 657,74,728,150,3 207,213,922,331,0 579,218,653,301,2 654,217,730,304,3 207,437,926,548,0 583,473,654,549,2 655,473,732,549,3 203,621,926,720,0 582,624,657,701,2 659,626,730,701,3
datasets\FP\JPEGImages\frame_000089.jpg 1024,74,1114,162,4 1014,4,1123,198,1 152,41,970,193,0 589,54,659,139,2 667,54,749,138,3 165,398,963,533,0 583,402,656,479,2 660,401,739,480,3
datasets\FP\JPEGImages\fp02_000190.jpg 161,137,922,269,0 569,139,639,224,2 643,137,714,230,3 951,84,1055,261,1 955,147,1053,227,4 191,427,911,590,0 577,455,648,532,2 649,452,717,536,3
datasets\FP\JPEGImages\frame_000134.jpg 148,418,942,545,0 564,418,639,499,2 638,418,721,499,3 130,59,961,212,0 562,70,642,161,2 642,68,727,162,3 990,12,1104,213,1 1002,87,1100,180,4
datasets\FP\JPEGImages\fp03_000210.jpg 437,438,868,514,0 645,440,682,489,2 689,442,726,490,3 430,327,861,404,0 642,353,679,405,2 686,352,721,404,3 409,190,856,279,0 630,197,672,246,2 674,198,716,245,3 868,161,930,244,1 870,194,924,236,4 407,72,865,165,0 624,104,665,156,2 669,99,712,155,3
datasets\FP\JPEGImages\frame_000075.jpg 133,399,940,537,0 561,400,633,479,2 643,400,715,480,3 112,35,956,198,0 562,48,642,139,2 646,49,724,137,3 999,1,1105,192,1 1007,71,1096,159,4
datasets\FP\JPEGImages\frame_000474.jpg 494,125,553,217,1 499,169,548,215,4 40,45,488,122,0 43,154,483,231,0 41,287,479,360,0 38,395,470,461,0 313,396,358,444,3 314,311,357,361,3 319,162,363,208,3 317,72,362,122,3 273,164,318,211,2 271,311,313,360,2 268,396,314,447,2
datasets\FP\JPEGImages\frame_000012.jpg 126,415,945,548,0 642,414,713,498,3 563,415,637,499,2 117,54,951,213,0 645,68,723,152,3 558,65,637,149,2 993,12,1100,213,1 994,91,1098,176,4
datasets\FP\JPEGImages\frame_000103.jpg 140,417,939,547,0 569,417,642,496,2 645,417,716,496,3 127,59,964,212,0 567,66,641,156,2 651,69,729,155,3 998,8,1102,214,1 1006,87,1097,177,4
datasets\FP\JPEGImages\frame_000534.jpg 29,285,474,363,0 26,96,477,171,0 497,80,561,191,1 501,119,559,175,4 305,102,351,161,3 303,290,348,353,3 253,291,301,352,2 261,102,305,161,2
datasets\FP\JPEGImages\frame_000495.jpg 22,62,468,134,0 259,84,302,133,2 259,177,301,222,2 256,324,299,371,2 257,414,297,456,2 22,409,464,476,0 26,306,459,375,0 27,171,466,246,0 303,178,346,223,3 303,85,348,131,3 300,323,344,371,3 299,414,343,455,3 479,139,538,230,1 486,178,533,225,4
datasets\FP\JPEGImages\fp03_000115.jpg 414,68,879,169,0 638,104,683,161,2 688,102,729,158,3 423,193,881,287,0 646,202,689,250,2 695,202,733,250,3 892,161,949,245,1 893,196,948,239,4 438,337,888,410,0 656,363,695,407,2 703,361,741,408,3 443,448,883,531,0 663,451,701,498,2 708,453,746,498,3
datasets\FP\JPEGImages\fp04_000240.jpg 204,623,926,720,0 582,626,657,704,2 657,627,731,702,3 206,434,926,549,0 583,471,660,548,2 655,468,734,551,3 207,205,927,327,0 584,220,655,299,2 658,217,728,299,3 949,154,1049,303,1 963,218,1038,298,4 201,37,925,150,0 579,74,655,149,2 657,73,726,153,3
datasets\FP\JPEGImages\fp04_000125.jpg 952,141,1062,295,1 958,208,1052,296,4 215,32,924,137,0 585,57,657,141,2 657,57,730,137,3 204,199,929,331,0 587,208,660,289,2 661,209,729,287,3 207,420,927,544,0 585,461,660,544,0 660,462,734,542,3 198,612,929,719,0 585,618,659,696,2 661,618,735,696,3
datasets\FP\JPEGImages\frame_000451.jpg 45,394,476,457,0 45,287,472,357,0 44,155,486,232,0 45,41,482,124,0 496,124,555,219,1 503,167,552,212,4 324,160,364,209,3 277,161,322,209,2 279,68,325,122,2 324,70,370,121,3 319,310,362,357,3 274,307,321,358,2 275,396,314,446,2 316,396,360,446,3
datasets\FP\JPEGImages\frame_000072.jpg 1002,73,1098,162,4 992,3,1104,205,1 110,43,972,200,0 554,51,633,137,2 643,55,720,142,3 129,403,939,537,0 558,404,636,488,2 639,405,712,488,3
datasets\FP\JPEGImages\frame_000510.jpg 7,267,434,342,0 3,79,444,160,0 465,67,522,172,1 468,103,517,154,4 275,88,317,142,3 269,275,313,322,3 226,273,270,324,2 231,88,272,143,2
datasets\FP\JPEGImages\frame_000034.jpg 126,408,939,544,0 639,411,715,491,3 562,412,633,491,2 121,54,952,208,0 562,56,635,151,2 640,58,724,153,3 992,9,1103,208,1 996,85,1102,176,4
datasets\FP\JPEGImages\fp02_000150.jpg 186,426,914,586,0 577,456,642,540,2 645,456,719,540,3 157,138,917,279,0 567,143,638,231,2 641,143,717,234,3 954,87,1054,260,1 960,150,1050,231,4
datasets\FP\JPEGImages\frame_000105.jpg 998,13,1107,211,1 1007,81,1103,186,4 124,59,969,212,0 565,67,645,152,2 652,69,726,151,3 151,415,946,549,0 567,417,643,495,2 648,415,720,494,3
datasets\FP\JPEGImages\frame_000024.jpg 136,409,940,552,0 639,409,713,487,3 559,408,637,489,2 1004,81,1099,175,4 983,7,1108,206,1 120,42,952,208,0 561,64,637,142,2 647,62,724,146,3
datasets\FP\JPEGImages\fp04_000180.jpg 945,152,1047,301,1 961,214,1038,292,4 221,26,924,152,0 584,68,659,155,2 656,72,730,154,3 210,214,926,332,0 586,214,655,296,2 654,215,728,298,3 212,427,925,545,0 582,465,656,542,2 657,466,736,545,3 210,611,923,720,0 583,617,661,695,2 662,617,732,696,3
datasets\FP\JPEGImages\frame_000088.jpg 171,397,959,537,0 583,399,658,477,2 658,400,737,476,3 152,37,976,200,0 586,50,664,139,2 668,49,751,141,3 1020,2,1123,194,1 1024,71,1123,159,4
datasets\FP\JPEGImages\frame_000494.jpg 492,126,551,220,1 498,169,544,213,4 22,46,477,125,0 310,69,354,122,3 309,165,354,216,3 309,318,352,367,3 308,408,351,452,3 263,166,309,217,2 21,157,473,236,0 25,301,479,372,0 24,408,471,469,0 262,409,306,454,2 260,317,307,368,2
datasets\FP\JPEGImages\fp02_000100.jpg 167,155,942,288,0 571,158,645,239,2 649,160,720,240,3 200,422,927,591,0 580,467,653,547,2 652,466,719,548,3 958,98,1053,266,1 961,162,1056,242,4
datasets\FP\JPEGImages\fp04_000110.jpg 201,33,930,140,0 586,56,654,137,2 658,56,730,139,3 206,196,936,321,0 586,208,661,291,2 661,208,732,288,3 200,427,936,537,0 584,459,660,534,2 658,460,736,534,3 199,611,927,719,0 586,616,658,693,2 659,615,733,693,3 956,141,1061,292,1 965,208,1047,287,4
datasets\FP\JPEGImages\fp04_000235.jpg 949,152,1045,304,1 960,215,1040,294,4 210,32,924,149,0 580,74,652,151,2 654,73,722,151,3 210,216,926,331,0 583,221,657,301,2 656,221,727,300,3 200,438,923,548,0 581,470,652,550,2 655,469,730,549,3 196,621,925,720,0 580,627,658,701,2 657,624,734,703,3
datasets\FP\JPEGImages\frame_000514.jpg 453,66,511,172,1 459,104,508,157,4 2,82,436,162,0 2,262,425,341,0 265,271,305,319,3 267,87,311,138,3 222,86,267,140,2 222,270,265,320,2
datasets\FP\JPEGImages\frame_000476.jpg 53,70,488,144,0 57,178,481,248,0 52,304,476,371,0 56,408,472,470,0 318,409,360,456,3 320,326,362,372,3 324,179,368,229,3 326,92,368,144,3 281,91,326,147,2 281,181,324,231,2 276,325,320,371,2 275,410,318,458,2 494,144,553,234,1 499,186,551,231,4
datasets\FP\JPEGImages\frame_000157.jpg 149,419,943,552,0 566,421,637,498,2 643,421,718,498,3 128,53,950,217,0 562,68,642,156,2 645,70,726,159,3 993,12,1096,211,1 1003,83,1095,184,4
datasets\FP\JPEGImages\frame_000479.jpg 483,122,545,213,1 490,163,536,211,4 14,43,474,116,0 16,156,466,231,0 17,291,465,360,0 24,402,467,461,0 302,404,344,452,3 302,312,345,360,3 302,158,349,207,3 305,67,347,118,3 255,158,303,209,2 255,311,302,362,2 257,404,302,452,2
datasets\FP\JPEGImages\fp04_000205.jpg 949,150,1046,304,1 957,218,1043,302,4 213,35,924,154,0 586,76,650,152,2 657,76,727,151,3 212,212,919,339,0 585,217,655,301,2 660,218,726,305,3 199,440,936,545,0 586,469,652,543,2 653,467,731,546,3 198,623,926,720,0 585,625,657,699,2 658,626,731,701,3
datasets\FP\JPEGImages\frame_000029.jpg 1003,74,1097,175,4 989,11,1101,210,1 115,50,953,204,0 560,59,634,145,2 641,61,721,146,3 133,408,927,544,0 557,412,629,486,2 635,409,710,485,3
datasets\FP\JPEGImages\frame_000002.jpg 991,21,1099,220,1 1009,88,1097,185,4 123,58,957,216,0 565,70,637,151,2 647,70,725,151,3 130,418,936,554,0 561,419,632,493,2 640,418,714,491,3
datasets\FP\JPEGImages\frame_000160.jpg 150,414,934,549,0 564,414,638,495,2 639,413,715,498,3 127,61,961,212,0 561,70,642,156,2 639,68,721,157,3 997,8,1101,209,1 1004,88,1095,173,4
datasets\FP\JPEGImages\frame_000017.jpg 992,9,1104,213,1 1000,84,1106,176,4 121,51,961,209,0 565,64,643,142,2 655,64,732,145,3 130,413,940,555,0 646,412,716,486,3 564,411,638,487,2
datasets\FP\JPEGImages\frame_000146.jpg 146,418,937,545,0 564,418,640,496,2 639,418,717,501,3 124,59,964,217,0 565,69,644,165,2 644,66,728,164,3 992,8,1104,214,1 999,82,1096,176,4
datasets\FP\JPEGImages\frame_000467.jpg 19,388,468,461,0 303,389,348,437,3 257,389,302,439,2 14,274,474,354,0 308,297,351,348,3 257,297,303,349,2 17,134,474,215,0 308,140,354,193,3 261,141,306,195,2 487,98,555,200,1 500,144,550,192,4
datasets\FP\JPEGImages\fp02_000070.jpg 174,149,923,282,0 576,150,647,233,2 651,149,723,232,3 967,87,1058,265,1 974,152,1051,233,4 195,428,920,589,1 587,464,657,540,2 658,462,727,539,3
datasets\FP\JPEGImages\fp03_000060.jpg 455,422,898,496,0 671,425,711,474,2 718,426,755,474,3 450,309,894,384,0 668,335,700,383,2 713,336,752,384,2 434,165,883,260,0 655,178,696,227,2 703,177,742,227,3 420,48,883,146,0 651,79,692,136,2 699,77,737,132,3 898,134,958,219,1 901,170,955,214,4
datasets\FP\JPEGImages\fp03_000160.jpg 879,168,939,256,1 881,205,937,246,4 405,87,876,175,0 631,111,671,171,2 677,110,719,167,3 417,205,864,290,0 637,208,678,258,2 683,205,723,260,3 429,341,872,420,0 648,367,687,419,2 692,366,730,418,3 437,454,876,532,0 652,456,690,504,2 696,454,735,505,3
datasets\FP\JPEGImages\frame_000068.jpg 556,423,631,504,2 632,424,710,506,3 139,414,925,553,0 111,60,950,220,0 557,70,635,159,2 640,71,719,158,3 997,17,1099,223,1 1004,91,1094,179,4
datasets\FP\JPEGImages\fp02_000195.jpg 185,427,915,582,0 577,457,644,539,2 648,456,720,537,3 158,144,926,277,0 566,145,639,228,2 640,143,712,230,3 950,81,1059,258,1 961,148,1052,231,4
datasets\FP\JPEGImages\frame_000021.jpg 990,11,1099,211,1 998,79,1099,170,4 123,50,956,212,0 563,60,641,146,2 645,59,726,146,3 138,405,943,546,0 562,409,635,490,2 642,408,714,489,3
datasets\FP\JPEGImages\frame_000497.jpg 31,404,458,466,0 298,405,340,449,3 299,317,342,365,3 300,177,343,224,3 302,84,343,137,3 32,302,454,370,0 255,318,298,364,2 255,404,297,450,2 257,178,299,224,2 256,86,301,139,2 31,174,459,244,0 30,68,459,144,0 471,140,526,228,1 477,180,521,221,4
datasets\FP\JPEGImages\frame_000038.jpg 135,410,938,549,0 564,409,633,490,2 640,408,713,488,3 123,46,958,215,0 565,62,639,146,2 649,62,730,147,3 992,9,1104,211,1 1005,81,1095,180,4
datasets\FP\JPEGImages\frame_000368.jpg 50,392,483,466,0 277,397,317,447,2 319,400,362,443,3 43,288,484,361,0 277,307,318,362,2 320,311,363,360,3 44,152,485,232,0 279,161,321,211,2 322,162,368,209,3 42,44,485,127,0 281,68,327,123,2 326,69,371,122,3 494,131,559,219,1 508,167,552,211,4
datasets\FP\JPEGImages\frame_000468.jpg 25,385,482,460,0 26,274,482,349,0 267,299,311,349,2 269,390,311,440,2 310,390,356,441,3 313,300,360,350,3 21,135,485,212,0 270,144,314,193,2 313,142,363,195,3 22,28,489,106,0 319,51,366,101,3 268,43,317,104,2 500,94,561,199,1 507,146,553,193,4
datasets\FP\JPEGImages\fp03_000120.jpg 445,452,889,528,0 662,451,701,498,2 707,452,748,500,3 437,336,883,414,0 658,361,698,414,2 703,361,742,412,3 426,201,877,283,0 646,203,686,251,2 695,201,735,255,3 412,68,877,167,0 639,102,682,155,2 687,103,730,154,3 890,161,948,245,1 893,196,948,238,4
datasets\FP\JPEGImages\fp03_000280.jpg 883,136,954,231,1 888,177,949,223,4 412,49,878,149,0 640,86,682,140,2 690,83,732,139,3 428,177,880,267,0 646,180,686,230,2 692,182,733,231,3 439,317,884,387,0 657,342,696,387,2 701,343,740,389,3 444,429,889,505,0 662,431,699,477,2 705,431,743,479,3
datasets\FP\JPEGImages\frame_000131.jpg 996,14,1102,215,1 1002,83,1102,182,4 126,60,959,214,0 563,67,643,161,2 645,71,724,158,3 152,415,953,548,0 564,414,640,495,2 642,414,720,495,3
datasets\FP\JPEGImages\fp03_000270.jpg 882,140,946,228,1 886,176,943,223,4 415,53,867,147,0 424,182,874,258,0 647,182,683,235,2 689,183,729,233,3 638,87,682,142,2 684,83,726,145,3 434,316,876,390,0 654,342,693,390,2 697,341,736,387,3 448,431,875,506,0 660,430,695,477,2 703,430,740,476,3
datasets\FP\JPEGImages\frame_000364.jpg 42,36,492,131,0 278,66,324,119,2 326,68,369,120,3 43,152,483,235,0 278,160,322,207,2 321,162,366,207,3 45,285,480,359,0 41,394,487,461,0 274,398,314,440,2 314,395,358,440,3 275,310,317,353,2 318,310,364,354,3 502,124,558,216,1 507,164,551,211,4
datasets\FP\JPEGImages\frame_000049.jpg 1018,75,1112,167,4 1007,4,1118,202,1 129,42,972,200,0 573,49,651,140,2 660,53,737,140,3 145,404,945,540,0 575,408,643,480,2 655,407,723,481,3
datasets\FP\JPEGImages\frame_000109.jpg 1000,12,1108,211,1 1008,85,1105,177,4 128,64,962,211,0 573,70,645,159,2 654,71,730,155,3 151,421,960,546,0 570,421,640,499,2 651,421,723,498,3
datasets\FP\JPEGImages\frame_000487.jpg 32,43,484,120,0 36,154,482,230,0 38,287,479,361,0 41,400,482,464,0 319,400,360,444,3 318,311,364,360,3 317,160,365,207,3 317,68,363,115,3 271,65,317,117,2 273,158,318,208,2 272,310,317,360,2 275,401,320,446,2 497,113,559,214,1 505,161,551,205,4
datasets\FP\JPEGImages\frame_000122.jpg 146,412,950,556,0 568,412,639,497,2 640,412,715,499,3 123,55,960,213,0 565,67,641,152,2 647,70,726,155,3 1001,12,1102,211,1 1011,87,1102,177,4
datasets\FP\JPEGImages\frame_000427.jpg 2,264,431,340,0 3,81,436,158,0 459,67,513,171,1 460,105,510,160,4 224,86,266,140,2 221,270,261,321,2 262,269,307,321,3 267,86,309,139,3
datasets\FP\JPEGImages\frame_000065.jpg 1006,84,1098,180,4 986,12,1108,217,1 126,61,957,218,0 564,67,646,152,2 649,70,726,152,3 136,418,938,562,0 562,421,633,497,2 643,421,718,495,3
datasets\FP\JPEGImages\fp02_000210.jpg 959,85,1062,256,1 963,148,1064,229,4 164,145,930,274,0 573,144,642,229,2 648,146,718,229,3 193,432,932,590,0 582,456,648,537,2 648,455,720,534,3
datasets\FP\JPEGImages\frame_000159.jpg 987,16,1104,217,1 1002,81,1095,175,4 127,60,954,214,0 560,65,642,154,2 642,62,721,154,3 149,418,949,554,0 562,418,639,496,2 639,418,720,498,3
datasets\FP\JPEGImages\frame_000470.jpg 27,387,491,460,0 24,274,493,349,0 23,136,497,213,0 28,14,499,109,0 323,46,368,100,3 320,144,366,196,3 316,301,362,348,3 316,392,362,440,3 269,394,312,442,2 271,298,316,350,2 274,141,318,198,2 508,100,571,200,1 512,148,564,194,4
datasets\FP\JPEGImages\frame_000507.jpg 11,264,448,345,0 237,273,278,325,2 276,274,326,327,3 10,74,459,165,0 240,82,285,138,2 283,82,332,139,3 475,64,539,174,1 487,101,535,159,4
datasets\FP\JPEGImages\frame_000542.jpg 459,108,508,189,1 464,142,505,184,4 21,339,433,421,0 279,352,316,402,3 236,352,278,403,2 25,246,438,314,0 43,128,444,199,0 47,29,451,100,0 296,54,338,96,3 292,132,331,178,3 249,133,289,180,2 240,264,281,312,2 282,264,324,312,3
datasets\FP\JPEGImages\frame_000419.jpg 8,262,456,348,0 5,72,462,159,0 237,273,277,324,2 283,276,324,324,3 286,82,333,138,3 242,83,286,138,2 476,62,542,169,1 486,103,534,156,4
datasets\FP\JPEGImages\frame_000568.jpg 99,375,510,431,0 314,377,355,422,2 356,376,394,421,3 107,202,504,262,0 316,204,357,256,2 359,205,397,256,3 523,187,571,276,1 527,217,568,257,4
datasets\FP\JPEGImages\frame_000050.jpg 148,406,959,533,0 654,406,723,481,3 573,407,644,483,2 132,39,967,205,0 577,54,651,136,2 658,55,740,136,3 1013,4,1114,199,1 1023,76,1109,163,4
datasets\FP\JPEGImages\frame_000566.jpg 113,199,500,262,0 107,372,501,426,0 316,202,352,246,2 312,373,353,415,2 353,202,393,248,3 355,372,391,415,3 518,185,566,272,1 522,216,561,255,4
datasets\FP\JPEGImages\fp04_000025.jpg 202,617,928,718,0 586,621,657,695,2 658,620,732,693,3 207,427,924,539,0 586,462,658,537,2 660,464,733,539,3 207,201,922,318,0 586,207,657,292,2 657,206,732,292,3 214,57,930,140,0 587,63,659,139,2 658,65,735,144,3 946,137,1056,295,1 959,209,1049,292,4
datasets\FP\JPEGImages\fp02_000095.jpg 950,102,1058,277,1 967,164,1046,251,4 174,152,930,287,0 568,159,643,245,2 643,157,715,245,3 193,437,924,598,0 580,468,649,549,2 648,469,724,549,3
datasets\FP\JPEGImages\frame_000371.jpg 33,388,490,454,0 38,278,489,346,0 34,140,492,219,0 34,24,498,104,0 283,51,328,106,2 328,53,375,106,2 282,148,323,194,2 324,148,373,193,2 276,301,321,346,2 320,300,365,346,2 277,392,317,435,2 319,392,366,435,2 514,108,573,203,1 519,152,567,200,4
datasets\FP\JPEGImages\fp04_000050.jpg 212,212,928,322,0 589,218,655,292,2 661,217,732,294,3 208,54,931,145,0 590,66,659,146,2 660,65,732,147,3 954,145,1055,296,1 964,209,1048,290,4 206,423,920,543,0 586,467,655,540,2 660,467,731,539,3 193,614,924,720,0 586,618,659,698,2 659,616,735,697,3
datasets\FP\JPEGImages\frame_000080.jpg 1011,67,1111,162,4 1003,1,1118,196,1 133,36,975,196,0 570,49,653,131,2 658,51,735,130,3 149,399,944,526,0 570,401,648,480,2 654,402,724,480,3
datasets\FP\JPEGImages\frame_000370.jpg 505,117,566,213,1 513,161,557,208,4 39,393,486,458,0 44,284,487,356,0 36,146,492,228,0 39,31,493,119,0 282,60,327,116,2 327,63,373,116,3 281,156,325,205,2 324,155,374,208,3 277,305,320,355,2 321,304,363,356,3 276,395,318,442,2 319,395,362,445,3
datasets\FP\JPEGImages\frame_000111.jpg 1003,10,1112,218,1 1008,85,1110,181,4 129,64,956,217,0 571,73,650,161,2 652,72,732,156,3 145,421,946,556,0 574,423,650,499,2 652,420,723,499,3
datasets\FP\JPEGImages\frame_000133.jpg 990,14,1102,216,1 993,90,1102,180,4 130,58,960,214,0 561,66,643,155,2 648,67,726,156,3 148,416,945,553,0 561,418,636,498,2 645,417,719,496,3
datasets\FP\JPEGImages\frame_000548.jpg 460,100,515,184,1 464,141,510,180,4 27,120,451,195,0 245,126,287,173,2 288,125,331,176,3 34,25,446,99,0 293,44,335,93,3 16,247,440,315,0 282,269,324,316,3 238,267,282,317,2 11,345,436,424,0 278,358,320,402,3 236,357,277,402,2
datasets\FP\JPEGImages\frame_000413.jpg 472,132,530,224,1 478,175,524,217,4 29,62,460,133,0 255,80,298,132,2 297,82,342,133,3 300,172,340,218,3 24,157,458,237,0 256,172,299,219,2 30,293,456,361,0 257,316,296,361,2 298,318,338,361,3 30,399,456,465,0 254,402,295,446,2 297,402,339,447,3
datasets\FP\JPEGImages\frame_000148.jpg 143,415,952,561,0 558,417,638,501,2 637,416,717,501,3 131,65,952,216,0 561,68,647,159,2 646,67,723,162,3 992,12,1094,211,1 1005,90,1090,182,4
datasets\FP\JPEGImages\frame_000492.jpg 19,42,483,118,0 16,152,479,231,0 23,291,473,364,0 24,408,474,468,0 306,409,351,452,3 307,316,352,364,3 309,155,355,213,3 309,64,356,116,3 265,64,308,117,2 264,156,309,215,2 261,315,307,365,2 261,409,307,453,2
datasets\FP\JPEGImages\frame_000482.jpg 24,399,471,459,0 28,287,477,362,0 23,153,478,225,0 23,39,478,117,0 488,120,552,215,1 495,160,548,205,4 313,156,357,207,3 312,62,356,115,3 309,307,353,360,3 308,401,352,444,3 264,400,308,444,2 261,308,309,361,2 264,156,311,206,2
datasets\FP\JPEGImages\fp02_000135.jpg 951,155,1042,241,4 943,92,1046,268,1 167,149,917,278,0 561,148,635,236,2 635,148,710,240,3 175,441,910,591,0 570,465,639,546,2 637,461,709,547,3
datasets\FP\JPEGImages\fp03_000215.jpg 408,70,858,158,0 633,97,671,152,2 676,95,714,152,3 417,192,859,274,0 635,195,673,243,2 680,192,718,242,3 432,323,864,402,0 643,349,685,399,2 687,348,727,402,3 437,430,869,512,0 649,434,687,486,2 691,435,730,484,3 864,153,936,239,1 872,187,929,233,4
datasets\FP\JPEGImages\frame_000055.jpg 1019,73,1104,172,4 1008,4,1114,202,1 126,43,969,201,0 571,55,650,139,2 657,55,735,140,3 148,402,961,539,0 649,405,724,482,3 569,405,644,483,2
datasets\FP\JPEGImages\fp03_000300.jpg 438,424,874,500,0 651,426,691,473,2 693,426,735,474,3 429,312,876,383,0 647,337,685,387,2 694,338,729,385,3 417,174,867,254,0 637,178,679,226,2 684,178,725,229,3 407,44,869,147,0 632,81,672,135,2 676,77,720,130,3 880,136,939,221,1 884,172,935,214,4
datasets\FP\JPEGImages\frame_000119.jpg 990,11,1109,215,1 1005,89,1102,181,4 127,66,958,212,0 562,69,645,160,2 649,66,729,161,3 138,421,951,557,0 565,421,638,499,2 645,423,715,499,3
datasets\FP\JPEGImages\fp02_000125.jpg 962,160,1040,246,4 950,99,1049,272,1 160,152,925,293,0 566,154,637,239,2 635,153,713,239,3 187,430,913,598,0 574,462,642,543,2 642,461,716,545,3
datasets\FP\JPEGImages\frame_000130.jpg 143,417,943,549,0 567,420,637,498,2 645,418,717,498,3 130,57,960,215,0 564,71,645,156,2 649,70,727,155,3 994,8,1098,215,1 1000,86,1094,181,4
datasets\FP\JPEGImages\frame_000009.jpg 121,418,942,554,0 635,418,711,494,3 557,418,634,498,2 114,50,965,214,0 647,57,726,149,3 558,56,643,155,2 990,14,1105,217,1 1003,84,1100,185,4
datasets\FP\JPEGImages\frame_000496.jpg 43,409,472,467,0 42,301,469,368,0 36,175,469,244,0 41,66,475,141,0 311,87,356,140,3 311,178,353,223,3 311,322,350,367,3 308,410,348,451,3 265,411,309,454,2 264,321,307,368,2 266,175,311,224,2 265,85,311,142,2 483,141,539,227,1 489,176,533,224,4
datasets\FP\JPEGImages\frame_000520.jpg 17,262,446,339,1 238,269,279,321,2 281,269,323,322,3 12,76,453,152,0 285,83,329,139,3 240,84,284,140,2 472,62,531,164,1 481,99,527,151,4
datasets\FP\JPEGImages\frame_000455.jpg 43,393,479,457,0 47,286,481,359,0 43,156,491,233,0 42,44,487,124,0 498,129,559,218,1 505,169,555,215,4 325,71,370,122,3 323,163,367,215,3 321,311,362,360,3 318,399,365,446,3 277,399,318,446,2 278,310,322,360,2 276,163,324,216,2 278,69,323,122,2
datasets\FP\JPEGImages\frame_000461.jpg 3,387,455,453,0 7,273,459,345,0 5,127,474,212,0 482,95,547,197,1 249,135,295,180,2 296,135,346,186,3 292,293,340,346,3 290,388,334,433,3 243,389,288,435,2 243,292,292,346,2 490,138,538,191,4
datasets\FP\JPEGImages\fp03_000310.jpg 433,426,870,507,0 645,429,684,478,2 684,428,725,481,3 429,313,862,393,0 638,340,677,390,2 683,339,722,393,3 404,175,858,261,0 628,180,672,230,2 677,179,716,230,3 403,49,854,146,0 622,84,665,137,2 668,79,711,136,3 867,135,930,229,1 874,177,926,220,4
datasets\FP\JPEGImages\frame_000110.jpg 147,415,948,555,0 570,416,643,501,2 649,417,720,497,3 130,58,956,220,0 571,68,649,162,2 658,67,729,160,3 1006,15,1106,214,1 1014,89,1101,180,4
datasets\FP\JPEGImages\fp03_000235.jpg 414,62,866,157,0 632,99,676,154,2 679,93,716,150,3 421,183,863,271,0 639,189,678,240,2 683,188,724,242,3 439,318,870,393,0 646,345,685,394,2 693,343,729,395,3 443,425,876,506,0 652,430,691,480,2 692,431,733,482,3 873,152,931,233,1 874,184,927,231,4
datasets\FP\JPEGImages\frame_000498.jpg 472,139,527,224,1 479,177,521,221,4 32,67,457,140,0 34,173,455,244,0 34,301,450,364,0 36,406,456,464,0 297,407,340,449,3 298,319,336,363,3 300,175,343,225,3 301,88,342,138,3 257,87,301,140,2 255,317,297,364,2 256,406,296,450,2 257,174,298,225,2
datasets\FP\JPEGImages\frame_000010.jpg 135,418,940,558,0 641,418,710,492,3 560,418,632,493,2 121,50,951,217,0 563,64,636,150,2 646,66,724,153,3 994,18,1104,219,1 1000,86,1103,183,4
datasets\FP\JPEGImages\frame_000063.jpg 1012,80,1096,173,4 1002,7,1107,205,1 124,52,963,210,1 566,62,644,143,2 653,64,728,143,3 144,414,942,549,0 566,415,638,490,2 648,415,718,489,3
datasets\FP\JPEGImages\frame_000170.jpg 145,409,937,545,0 569,409,640,495,2 643,408,720,493,3 130,46,974,206,0 564,65,643,152,2 645,64,724,157,3 996,10,1104,205,1 1002,81,1096,178,4
datasets\FP\JPEGImages\fp03_000025.jpg 420,17,884,112,0 644,52,689,106,2 694,48,734,102,3 894,105,956,197,1 897,140,952,189,4 452,396,898,473,0 667,400,708,443,2 712,399,751,443,3 448,287,890,352,0 664,308,699,351,2 708,307,748,352,3 430,140,882,232,0 651,149,693,199,2 700,149,738,199,3
datasets\FP\JPEGImages\fp03_000305.jpg 876,134,939,222,1 877,171,935,218,4 401,43,865,146,0 627,83,673,137,2 677,79,717,135,3 416,177,865,256,0 635,181,675,227,2 682,176,720,228,3 422,316,890,387,0 641,337,684,385,2 689,333,726,385,3 435,424,876,501,0 649,428,687,473,2 692,429,730,475,3
datasets\FP\JPEGImages\frame_000048.jpg 145,409,948,543,0 648,410,720,485,3 568,409,643,490,2 568,57,643,143,2 125,38,961,206,0 651,57,731,142,3 1001,4,1113,202,1 1012,78,1105,173,4
datasets\FP\JPEGImages\frame_000070.jpg 122,416,935,558,0 551,418,627,503,2 633,418,708,505,3 106,58,945,215,0 551,65,629,152,2 636,68,718,156,3 993,13,1102,211,1 997,82,1098,178,4
datasets\FP\JPEGImages\frame_000042.jpg 140,408,929,546,0 639,409,713,485,3 560,408,635,490,2 123,51,950,208,0 562,54,640,148,2 643,52,726,146,3 996,9,1102,210,1 1006,80,1097,177,4
datasets\FP\JPEGImages\fp03_000095.jpg 892,147,952,242,1 895,190,951,235,4 411,61,885,161,0 643,99,683,154,2 688,95,733,150,3 427,195,876,276,0 651,198,691,250,2 695,195,736,248,3 443,329,889,401,0 660,356,697,401,2 704,354,745,402,3 446,443,889,526,0 664,445,704,492,2 710,442,750,492,3
datasets\FP\JPEGImages\fp04_000065.jpg 205,43,942,140,0 588,63,658,143,2 657,64,734,142,3 206,208,932,331,0 584,217,657,292,2 661,215,730,290,3 201,428,927,540,0 586,465,656,538,2 660,468,732,542,3 204,620,928,720,0 587,618,658,696,2 660,620,735,695,3 952,139,1055,295,1 965,208,1048,296,4
datasets\FP\JPEGImages\fp04_000195.jpg 220,25,922,147,0 583,70,654,148,2 657,69,727,149,3 210,205,928,335,0 581,220,655,296,2 657,220,727,296,3 957,149,1055,299,1 960,216,1048,294,4 202,433,924,552,0 583,470,658,544,2 658,468,732,545,3 208,614,924,720,0 583,624,653,699,2 657,624,732,696,3
datasets\FP\JPEGImages\fp04_000190.jpg 202,615,924,720,0 584,619,658,699,2 659,619,734,694,3 204,434,923,544,0 586,464,656,541,2 659,465,729,542,3 205,212,920,326,0 586,216,654,298,2 657,218,733,295,3 951,148,1052,299,1 958,215,1044,300,4 210,22,921,143,0 584,68,654,141,2 658,70,726,143,3
datasets\FP\JPEGImages\frame_000067.jpg 1005,89,1087,182,4 986,14,1100,221,1 108,66,952,221,0 553,72,631,154,2 642,74,721,161,3 129,420,946,566,0 636,419,710,498,3 556,422,629,499,2
datasets\FP\JPEGImages\frame_000126.jpg 994,12,1102,209,1 1008,80,1095,181,4 123,58,958,212,0 565,67,647,152,2 647,64,726,151,3 150,415,945,556,0 567,415,636,492,2 643,415,722,490,3
datasets\FP\JPEGImages\frame_000412.jpg 23,399,456,466,0 255,400,295,443,2 292,400,337,443,3 255,314,294,363,2 297,314,339,364,3 30,296,453,367,0 31,168,458,242,0 255,172,295,219,2 294,170,337,220,3 27,61,458,138,0 256,84,298,132,2 296,83,342,132,3 471,132,526,222,1 475,173,522,217,4
datasets\FP\JPEGImages\frame_000425.jpg 6,262,440,344,0 2,80,444,154,0 230,86,276,139,2 228,268,270,322,2 270,267,312,323,3 276,85,320,139,3 468,60,527,170,1 473,102,519,151,4
datasets\FP\JPEGImages\frame_000359.jpg 107,428,933,573,0 538,426,614,514,2 614,423,692,515,3 64,53,924,226,0 529,75,609,157,2 609,76,698,161,3 968,10,1089,221,1 982,86,1077,183,4
datasets\FP\JPEGImages\fp04_000080.jpg 958,142,1057,300,1 967,212,1046,290,4 204,42,929,140,0 586,63,661,139,2 658,64,732,140,3 202,210,924,326,0 585,215,660,290,2 659,218,734,290,3 207,434,920,539,0 585,467,657,536,2 655,463,732,539,3 199,619,936,720,0 586,620,657,695,2 661,621,737,689,3
datasets\FP\JPEGImages\frame_000013.jpg 982,11,1103,212,1 1004,84,1101,177,4 123,49,973,213,0 648,65,723,149,3 563,66,638,148,2 135,412,948,555,0 643,414,712,492,3 562,414,639,492,2
datasets\FP\JPEGImages\frame_000450.jpg 46,389,476,460,0 46,287,481,355,0 319,396,360,440,3 319,311,362,355,3 276,311,320,357,2 274,397,320,442,2 278,158,322,210,2 282,68,323,113,2 47,157,484,233,0 322,157,366,210,3 324,68,369,117,3 43,53,489,120,0 502,127,559,217,1 504,166,551,212,1
datasets\FP\JPEGImages\fp03_000085.jpg 899,142,962,230,1 904,180,960,227,4 420,57,890,146,0 651,87,696,143,2 699,84,740,143,3 433,183,888,266,0 659,184,698,239,2 704,187,746,234,3 447,318,893,396,0 668,345,709,396,2 711,345,751,396,3 456,430,902,515,0 672,431,711,484,2 717,433,757,486,3
datasets\FP\JPEGImages\fp04_000115.jpg 955,139,1057,291,1 964,206,1049,290,4 207,196,925,320,0 584,203,660,293,2 661,199,732,292,3 198,424,924,536,0 583,460,662,540,2 658,458,736,543,3 198,614,924,720,0 584,617,658,693,2 657,617,732,691,3 226,21,933,138,0 583,57,659,136,2 659,58,733,139,3
datasets\FP\JPEGImages\frame_000093.jpg 1018,81,1112,174,4 1007,8,1117,207,1 135,53,974,205,0 577,65,654,149,2 659,66,739,149,3 152,408,955,543,0 577,411,651,487,2 656,410,726,489,3
datasets\FP\JPEGImages\frame_000410.jpg 30,64,465,140,0 32,172,457,242,0 30,301,452,364,0 35,406,464,462,0 257,406,295,448,2 296,406,339,447,3 256,318,296,364,2 296,319,338,364,3 257,174,296,220,2 299,176,341,223,3 300,90,343,139,3 257,87,299,137,2 471,133,528,228,1 479,178,521,220,4
datasets\FP\JPEGImages\frame_000062.jpg 137,406,952,539,0 565,412,636,487,2 643,411,717,492,3 123,50,964,206,0 565,57,643,145,2 652,61,729,145,3 1004,5,1106,200,1 1007,77,1104,171,4
datasets\FP\JPEGImages\fp02_000040.jpg 655,456,721,531,3 194,423,916,587,0 583,460,647,533,2 173,145,923,269,0 568,149,640,229,2 645,148,715,225,3 954,83,1052,264,1 960,145,1046,236,4
datasets\FP\JPEGImages\frame_000104.jpg 144,421,954,551,0 566,421,636,495,2 648,419,717,493,3 130,59,973,209,0 565,65,646,156,2 651,65,726,159,3 998,9,1104,215,1 1002,87,1102,178,4
datasets\FP\JPEGImages\fp02_000085.jpg 210,420,928,585,0 588,467,659,542,2 662,464,736,546,3 184,142,934,290,0 579,152,648,235,2 660,153,726,234,3 965,93,1065,268,1 979,154,1057,241,4
datasets\FP\JPEGImages\frame_000154.jpg 986,19,1101,212,1 1000,85,1091,184,4 128,58,964,218,0 559,68,640,159,2 638,65,723,161,3 142,420,941,554,0 561,418,637,502,2 640,421,717,505,3
datasets\FP\JPEGImages\frame_000531.jpg 492,86,555,195,1 497,121,551,180,4 18,99,472,180,0 300,107,345,164,3 254,107,299,164,2 249,299,294,351,2 295,299,341,351,3 20,291,464,369,0
datasets\FP\JPEGImages\frame_000517.jpg 464,68,521,170,1 467,104,517,161,4 5,265,438,344,0 227,270,268,323,2 232,84,273,138,2 6,79,440,153,0 277,86,316,141,3 268,269,312,325,3
datasets\FP\JPEGImages\frame_000452.jpg 43,389,475,456,0 38,286,472,358,0 35,151,482,225,0 29,33,483,120,0 493,121,556,213,1 497,158,547,205,4 271,60,316,117,2 271,154,314,206,2 267,301,310,355,2 269,391,309,441,2 309,391,350,441,3 311,303,355,356,3 313,153,357,207,3 316,61,361,115,3
datasets\FP\JPEGImages\fp02_000090.jpg 167,108,929,295,0 576,154,645,238,2 653,156,720,239,3 195,436,926,601,0 582,470,654,546,2 653,469,727,548,3 953,98,1060,274,1 967,161,1054,252,4
datasets\FP\JPEGImages\frame_000145.jpg 992,12,1105,215,1 1004,83,1100,184,4 129,55,964,215,0 564,67,646,155,2 647,66,727,158,3 147,415,948,545,0 567,416,639,499,2 642,415,721,500,3
datasets\FP\JPEGImages\frame_000424.jpg 7,267,432,345,0 5,76,443,160,0 463,66,518,174,1 467,107,516,156,4 230,87,273,141,2 227,271,269,322,2 270,272,312,324,3 274,87,319,141,3
datasets\FP\JPEGImages\frame_000149.jpg 995,15,1098,214,1 1004,87,1091,182,4 123,68,952,214,0 562,70,637,159,2 639,68,723,158,3 145,415,941,542,0 561,420,633,502,2 641,418,714,500,3
datasets\FP\JPEGImages\frame_000472.jpg 30,392,479,459,0 35,280,482,357,0 30,144,479,224,0 31,29,486,116,0 497,103,557,213,1 503,157,553,200,4 316,57,365,117,3 316,154,362,202,3 313,306,358,356,3 312,396,355,441,3 268,396,311,443,2 265,305,313,356,2 268,153,318,206,2
datasets\FP\JPEGImages\fp02_000050.jpg 201,429,933,589,0 586,459,653,535,2 658,457,723,531,3 177,145,925,280,0 574,145,646,234,2 646,146,720,230,3 958,81,1058,261,1 964,143,1052,233,4
datasets\FP\JPEGImages\frame_000015.jpg 987,9,1109,214,1 985,89,1109,177,4 118,51,974,211,0 562,62,644,145,2 647,61,728,148,3 125,411,937,542,0 562,412,634,489,2 643,411,717,490,3
datasets\FP\JPEGImages\frame_000432.jpg 11,269,440,344,0 6,84,449,162,0 235,90,278,145,2 232,276,272,330,2 271,276,322,331,3 278,89,327,145,3 466,70,528,176,1 469,105,525,160,4
datasets\FP\JPEGImages\fp04_000035.jpg 206,618,926,714,0 585,620,657,690,2 660,621,733,693,2 201,430,919,536,0 584,468,660,537,2 662,467,731,536,3 214,201,928,322,0 590,210,656,293,2 661,214,730,291,3 208,42,933,137,0 586,64,657,142,2 660,64,732,139,3 957,145,1052,295,1 962,214,1049,292,4
datasets\FP\JPEGImages\frame_000365.jpg 497,118,552,210,1 502,162,546,204,4 32,35,480,113,0 274,61,318,110,2 317,64,366,112,3 39,148,477,222,0 272,155,315,203,2 316,152,360,202,3 39,283,474,352,0 268,304,310,353,2 310,306,355,353,3 42,390,471,460,0 267,391,309,439,2 310,390,356,440,3
datasets\FP\JPEGImages\fp03_000090.jpg 454,431,898,515,0 670,436,706,486,2 712,436,752,486,3 448,323,893,396,0 662,348,702,396,2 708,346,748,398,3 426,183,887,272,0 654,186,692,236,2 700,187,742,242,3 423,55,878,151,0 647,89,690,146,2 695,86,736,144,3 894,142,957,234,1 895,179,957,227,4
datasets\FP\JPEGImages\frame_000073.jpg 137,400,946,531,0 560,399,637,484,2 639,399,712,484,3 112,39,945,197,0 558,50,637,138,2 642,49,722,137,3 993,2,1100,192,1 999,67,1100,161,4
datasets\FP\JPEGImages\frame_000066.jpg 136,416,938,546,0 562,416,638,502,2 642,414,717,504,3 119,59,963,215,0 562,67,642,155,2 651,69,724,157,3 993,10,1105,217,1 1005,87,1094,176,4
datasets\FP\JPEGImages\frame_000135.jpg 988,9,1104,214,1 1001,83,1099,188,4 133,61,956,214,0 565,72,643,155,2 652,70,725,156,3 138,417,955,552,0 567,422,638,499,2 648,420,719,499,3
datasets\FP\JPEGImages\frame_000420.jpg 9,74,456,160,0 242,83,286,139,2 286,80,333,139,3 16,265,447,345,0 236,273,278,320,2 280,274,325,324,3 478,60,540,173,1 484,102,536,156,4
datasets\FP\JPEGImages\frame_000001.jpg 138,417,931,556,0 642,423,710,491,3 564,419,630,490,2 120,49,955,221,0 651,65,724,154,3 565,66,642,154,2 993,17,1104,220,1 1004,90,1096,188,4
datasets\FP\JPEGImages\fp03_000295.jpg 876,131,945,220,1 880,167,945,212,4 406,36,874,142,0 632,75,676,130,2 680,73,721,126,3 423,169,873,258,0 640,171,682,224,2 683,170,727,226,3 430,301,883,387,0 649,331,691,384,2 697,331,735,385,3 436,417,877,501,0 654,419,693,468,2 698,418,738,472,3
datasets\FP\JPEGImages\frame_000374.jpg 
datasets\FP\JPEGImages\frame_000165.jpg 147,416,952,556,0 565,419,636,496,2 639,418,721,495,3 128,53,957,209,0 562,62,642,156,2 640,59,724,157,3 993,10,1106,206,1 1001,83,1096,179,4
datasets\FP\JPEGImages\frame_000367.jpg 49,392,481,461,0 48,288,482,359,0 44,152,488,237,0 39,46,491,126,0 499,129,558,220,1 507,169,554,217,4 277,67,323,120,2 323,71,367,121,3 279,162,324,211,2 324,164,366,211,3 277,308,318,359,2 319,311,364,360,3 276,398,316,442,2 318,400,365,444,3
datasets\FP\JPEGImages\fp03_000205.jpg 400,82,859,166,0 621,112,664,164,2 667,109,708,161,3 410,205,855,289,0 629,206,668,256,2 673,206,711,254,3 870,164,921,249,1 870,203,921,242,4 421,336,858,414,0 640,364,676,412,2 682,361,721,412,3 430,448,861,527,0 643,452,680,496,2 687,451,722,499,3
datasets\FP\JPEGImages\frame_000085.jpg 1027,66,1117,162,4 1017,1,1124,190,1 151,40,981,189,0 587,46,666,130,2 673,49,748,131,3 164,389,957,539,0 587,393,661,476,2 664,395,735,473,3
datasets\FP\JPEGImages\fp03_000110.jpg 437,443,891,525,0 662,446,702,493,2 707,446,748,492,3 437,334,891,405,0 655,358,695,404,2 700,357,742,405,3 427,193,880,280,0 646,198,688,246,2 692,198,733,248,3 414,65,874,164,0 640,102,680,156,2 686,97,726,152,3 890,155,946,242,1 893,190,946,234,4
datasets\FP\JPEGImages\fp03_000105.jpg 414,67,875,167,0 642,101,683,155,2 689,99,729,152,3 430,199,883,278,0 648,200,686,249,2 695,201,734,249,3 437,335,884,409,0 658,358,699,408,2 705,356,742,409,3 444,445,886,522,0 664,446,702,495,2 711,447,745,492,3 892,159,952,237,1 895,193,946,235,4
datasets\FP\JPEGImages\frame_000114.jpg 148,419,954,558,0 569,419,643,503,2 649,420,722,499,3 131,61,970,222,0 571,70,649,158,2 654,70,730,161,3 995,18,1113,214,1 1014,93,1102,185,4
datasets\FP\JPEGImages\frame_000471.jpg 509,101,570,201,1 513,145,564,194,4 27,10,501,103,0 25,138,492,215,0 29,273,484,347,0 29,391,492,456,0 317,393,360,437,3 270,393,317,439,2 270,296,316,348,2 274,138,318,191,2 321,43,369,104,3 318,140,366,194,3 316,296,363,347,3
datasets\FP\JPEGImages\frame_000090.jpg 162,407,952,551,0 579,408,652,488,2 656,409,736,487,3 143,45,969,201,0 578,57,655,146,2 658,59,743,151,3 1012,5,1121,196,1 1016,77,1113,165,4
datasets\FP\JPEGImages\fp03_000000.jpg 433,22,908,124,0 666,59,708,109,2 713,54,756,108,3 452,145,904,247,0 672,156,712,206,2 717,154,757,202,3 465,289,908,367,0 680,312,722,361,2 727,314,764,362,3 474,398,910,483,0 686,404,727,448,2 732,404,770,450,3 918,115,973,198,1 922,146,968,195,4
datasets\FP\JPEGImages\frame_000462.jpg 478,93,540,193,1 481,137,533,187,4 282,292,329,341,3 282,386,326,429,3 235,388,279,429,2 235,290,280,341,2 287,131,330,184,3 238,134,283,182,2
datasets\FP\JPEGImages\fp04_000075.jpg 208,619,936,718,0 586,620,660,698,2 662,618,734,696,3 202,429,935,543,0 586,462,659,542,2 658,462,733,545,3 215,209,927,326,0 585,212,658,288,2 661,211,733,290,3 210,23,919,142,0 585,61,658,141,2 659,62,735,142,3 953,143,1054,293,1 964,209,1040,291,4
datasets\FP\JPEGImages\fp02_000145.jpg 951,83,1053,262,1 952,151,1054,233,4 163,145,927,281,0 569,146,639,231,2 637,145,718,231,3 186,426,923,580,0 576,452,643,542,2 646,452,721,540,3
datasets\FP\JPEGImages\fp04_000070.jpg 952,140,1055,292,1 960,206,1045,290,4 205,36,920,137,0 583,64,659,139,2 661,65,732,136,3 210,209,933,320,0 587,212,654,292,2 661,215,733,291,3 205,428,927,539,0 582,463,658,539,2 659,464,733,536,3 195,618,927,720,0 586,620,656,696,2 662,618,735,695,3
datasets\FP\JPEGImages\fp04_000245.jpg 211,30,923,151,0 582,70,653,148,2 657,70,724,149,3 205,214,926,328,0 583,218,658,311,2 655,218,731,312,3 199,437,930,550,0 581,471,655,552,2 656,473,735,550,3 202,621,932,720,0 580,628,659,703,2 657,626,732,701,3 946,149,1053,305,1 960,221,1041,298,4
datasets\FP\JPEGImages\frame_000176.jpg 138,410,952,533,0 571,417,640,495,2 641,415,717,495,3 132,58,963,206,0 565,63,640,151,2 646,62,723,148,3 987,8,1105,208,1 1003,78,1093,183,4
datasets\FP\JPEGImages\frame_000521.jpg 13,267,452,349,0 9,78,459,161,0 286,276,331,327,3 241,277,285,327,2 244,86,285,138,2 287,86,335,140,3 477,66,543,172,1 486,101,535,159,4
datasets\FP\JPEGImages\fp02_000045.jpg 959,80,1052,261,1 964,143,1049,231,4 170,139,921,275,0 570,143,639,228,2 645,143,713,227,3 200,423,918,585,0 577,456,648,533,2 655,457,719,534,3
datasets\FP\JPEGImages\frame_000092.jpg 158,406,953,543,0 576,408,650,489,2 654,411,733,490,3 138,48,968,200,0 578,62,655,148,2 661,63,742,148,3 1007,6,1118,206,1 1012,77,1118,177,4
datasets\FP\JPEGImages\frame_000007.jpg 977,19,1102,223,1 1002,87,1095,181,4 123,49,952,215,0 562,69,639,150,2 646,70,724,153,3 133,419,939,554,0 562,418,629,495,2 639,418,714,493,3
datasets\FP\JPEGImages\fp02_000000.jpg 165,152,922,290,0 567,155,639,235,2 643,154,715,234,3 190,455,920,601,0 581,464,649,540,2 654,464,719,537,3 952,92,1048,268,1 965,156,1044,239,4
datasets\FP\JPEGImages\frame_000113.jpg 998,11,1111,213,1 1011,84,1108,183,4 130,58,970,214,0 570,69,649,160,2 654,69,732,158,3 143,422,949,551,0 571,424,644,501,2 652,424,723,502,3
datasets\FP\JPEGImages\frame_000118.jpg 140,423,946,555,0 566,424,636,499,2 646,423,720,499,3 120,59,954,215,0 564,71,642,161,2 648,71,724,162,3 997,17,1113,215,1 1007,90,1102,187,4
datasets\FP\JPEGImages\fp03_000195.jpg 868,162,929,243,1 871,196,926,240,4 403,76,861,170,0 624,106,665,158,2 671,104,712,155,3 414,202,864,281,0 630,202,671,250,2 678,202,716,252,3 426,333,874,406,0 639,359,679,406,2 686,359,724,407,3 435,442,868,523,0 646,443,683,492,2 691,445,727,492,3
datasets\FP\JPEGImages\frame_000033.jpg 996,8,1102,211,1 1008,83,1097,175,4 110,49,964,208,0 648,56,728,145,3 562,59,643,148,2 136,406,940,549,0 562,410,633,489,2 639,407,712,488,3
datasets\FP\JPEGImages\frame_000168.jpg 118,52,967,212,0 562,67,635,155,2 642,70,720,155,3 140,415,940,555,0 561,416,633,497,2 641,415,717,496,3 989,9,1095,215,1 996,79,1086,174,4
datasets\FP\JPEGImages\frame_000518.jpg 13,271,440,346,0 6,82,445,162,0 235,89,278,149,2 231,274,272,331,2 272,274,320,331,3 279,88,326,151,3 469,69,528,176,1 474,108,523,163,4
datasets\FP\JPEGImages\frame_000469.jpg 26,390,486,464,0 23,273,487,354,0 22,133,493,216,0 16,15,496,100,0 322,47,368,99,3 321,145,368,193,3 318,299,363,348,3 315,393,361,443,3 269,393,313,440,2 270,299,316,349,2 272,142,320,193,2 508,103,571,201,1 515,147,564,194,4
datasets\FP\JPEGImages\fp04_000220.jpg 204,619,924,720,0 583,627,655,701,2 655,627,730,699,3 201,436,926,551,0 580,470,652,554,2 657,473,728,551,3 200,215,929,330,0 580,223,655,301,2 655,223,732,303,3 216,33,929,154,0 584,74,654,153,2 656,72,733,154,3 945,152,1049,299,1 960,218,1039,299,4
datasets\FP\JPEGImages\fp03_000055.jpg 895,125,958,215,1 898,165,958,208,4 417,39,897,137,0 646,74,691,131,2 695,73,737,132,3 435,167,885,256,0 655,171,695,224,2 701,170,740,222,3 449,304,891,383,0 664,330,705,380,2 709,329,747,382,3 454,418,894,494,0 669,420,710,467,2 716,418,754,469,3
datasets\FP\JPEGImages\frame_000101.jpg 149,415,946,545,0 572,419,641,495,2 649,420,724,496,3 135,59,960,211,0 572,68,645,161,2 655,68,732,156,3 999,10,1112,213,1 1011,84,1106,181,4
datasets\FP\JPEGImages\fp03_000240.jpg 413,57,864,154,0 629,92,674,150,2 674,90,715,146,3 422,187,863,262,0 637,187,675,236,2 681,186,721,233,3 436,312,864,393,0 645,342,686,393,2 689,340,728,394,3 439,427,867,503,0 652,429,687,476,2 692,430,733,476,3 873,149,929,229,1 877,181,926,227,4
datasets\FP\JPEGImages\frame_000098.jpg 1005,8,1115,211,1 1014,83,1108,177,4 130,58,964,213,0 574,64,650,149,2 655,66,733,151,3 151,414,957,543,3 570,413,648,496,2 649,413,726,499,3
datasets\FP\JPEGImages\frame_000362.jpg 47,38,494,134,0 282,72,328,121,2 330,70,376,124,3 500,124,564,221,1 512,168,555,216,4 51,163,491,235,0 286,166,324,210,2 326,166,371,212,3 49,292,486,359,0 280,308,326,360,2 323,311,367,359,3 56,396,483,462,0 280,398,319,442,2 317,398,362,445,3
datasets\FP\JPEGImages\fp02_000005.jpg 167,156,926,284,0 570,156,640,237,2 645,155,716,236,3 962,155,1046,242,4 949,92,1057,270,1 196,456,924,594,0 577,464,648,543,2 649,464,718,539,3
datasets\FP\JPEGImages\frame_000457.jpg 506,118,568,212,1 514,160,560,207,4 41,36,498,119,0 42,150,490,225,0 42,277,488,356,0 42,394,484,459,0 322,398,366,444,3 324,308,365,354,3 326,157,372,205,3 329,61,373,116,3 283,61,328,116,2 283,156,325,207,2 277,308,321,355,2 276,398,322,445,2
datasets\FP\JPEGImages\fp03_000185.jpg 869,158,930,244,1 867,196,931,239,4 434,442,869,520,0 645,447,684,490,2 687,446,729,490,3 425,334,858,404,0 640,358,677,403,2 683,358,725,404,3 414,198,854,280,0 629,202,667,248,2 676,199,715,248,3 404,75,851,160,0 625,105,663,157,2 670,101,712,156,3
datasets\FP\JPEGImages\frame_000064.jpg 131,409,959,540,0 567,412,639,488,2 648,411,720,490,3 127,45,975,201,0 567,62,648,148,2 652,64,729,146,3 998,8,1111,206,1 1011,81,1104,180,4
datasets\FP\JPEGImages\frame_000478.jpg 21,61,469,133,0 20,173,462,246,0 24,303,459,372,0 25,413,458,470,0 296,414,338,459,3 300,324,340,372,3 300,173,347,223,3 303,83,345,133,3 257,83,302,134,2 256,172,299,224,2 253,324,300,373,2 252,413,296,460,2 478,138,535,229,1 484,180,529,226,4
datasets\FP\JPEGImages\frame_000569.jpg 121,200,510,260,0 116,373,512,426,0 526,189,579,274,1 531,215,574,258,4 327,203,365,250,2 323,374,364,418,2 364,374,403,417,3 365,203,401,250,3
datasets\FP\JPEGImages\frame_000501.jpg 479,131,531,221,1 482,170,526,214,4 27,57,464,134,0 31,167,464,231,0 34,294,457,357,0 32,398,462,456,0 303,399,343,438,3 259,399,300,442,2 301,312,342,357,3 302,168,345,215,3 301,80,348,130,3 259,80,300,130,2 259,170,301,216,2 258,313,300,356,2
datasets\FP\JPEGImages\frame_000449.jpg 53,399,479,460,0 51,292,490,363,0 48,165,489,236,0 51,46,492,123,0 505,130,563,219,1 509,170,556,215,4 284,166,327,211,2 286,73,330,124,2 328,73,373,122,3 328,165,372,215,3 324,315,368,364,3 321,400,363,448,3 280,400,322,448,2 279,313,323,364,2
datasets\FP\JPEGImages\frame_000505.jpg 30,400,448,459,0 26,297,450,360,0 25,167,451,237,0 21,62,451,138,0 252,80,292,130,2 251,172,291,217,2 250,316,289,359,2 251,401,290,444,2 289,401,333,445,3 290,316,335,360,3 291,173,335,218,3 291,82,336,132,3 465,131,520,222,1 470,172,517,216,4
datasets\FP\JPEGImages\fp03_000075.jpg 417,48,887,143,0 645,82,688,136,2 691,78,733,129,3 896,134,955,223,1 899,171,952,218,4 429,172,883,258,0 650,181,693,229,2 697,177,737,228,3 438,312,891,388,0 663,339,699,388,2 708,337,747,389,3 446,426,893,506,0 667,427,705,475,2 714,427,750,476,3
datasets\FP\JPEGImages\fp02_000025.jpg 962,155,1043,237,4 949,89,1050,265,1 171,148,919,286,0 566,154,635,236,2 640,152,712,229,3 194,440,915,593,0 580,465,645,539,2 647,462,719,540,3
datasets\FP\JPEGImages\frame_000125.jpg 148,415,949,548,0 646,418,722,493,3 565,417,646,496,2 131,54,952,209,0 567,67,643,152,2 649,68,728,152,3 996,8,1103,211,1 1008,81,1098,176,4
datasets\FP\JPEGImages\fp04_000100.jpg 212,29,928,137,0 585,61,660,137,2 660,61,732,137,3 210,207,934,317,0 586,213,659,289,2 660,213,733,289,3 206,433,920,543,0 581,463,661,543,2 662,461,740,542,3 201,620,926,720,0 585,621,661,690,2 662,620,733,690,3 960,133,1056,293,1 971,210,1049,287,4
datasets\FP\JPEGImages\frame_000112.jpg 152,418,946,561,0 570,422,648,499,2 650,421,725,499,3 127,62,961,219,0 571,71,648,158,2 655,73,734,161,3 1005,14,1110,214,1 1010,90,1110,183,4
datasets\FP\JPEGImages\frame_000081.jpg 158,398,958,530,0 573,400,649,475,2 658,398,733,472,3 135,36,962,191,0 577,49,654,135,2 662,52,737,130,3 1004,1,1117,192,1 1024,67,1113,158,4
datasets\FP\JPEGImages\frame_000164.jpg 148,409,952,551,0 564,413,645,497,2 646,411,718,498,3 135,54,973,218,0 561,61,640,154,2 641,62,725,157,3 989,7,1101,207,1 998,79,1096,181,4
datasets\FP\JPEGImages\frame_000037.jpg 1008,85,1103,174,4 995,10,1108,214,1 117,54,967,212,0 566,65,640,148,2 648,62,727,148,3 138,414,938,544,0 564,414,634,490,2 643,413,716,490,3
datasets\FP\JPEGImages\frame_000039.jpg 1005,80,1098,181,4 986,9,1108,210,1 120,54,954,204,0 649,61,726,149,3 566,59,640,143,2 136,411,936,545,0 561,411,633,489,2 642,412,715,489,3
datasets\FP\JPEGImages\fp02_000160.jpg 161,145,926,272,0 575,146,642,230,2 648,146,723,227,3 954,82,1060,265,1 971,145,1050,239,4 192,424,926,588,0 581,459,651,537,2 652,459,723,537,3
datasets\FP\JPEGImages\frame_000147.jpg 995,12,1097,211,1 1004,87,1092,176,4 126,61,962,218,0 564,70,643,157,2 643,68,729,159,3 146,420,949,553,0 566,418,635,495,2 634,417,720,496,3
datasets\FP\JPEGImages\frame_000502.jpg 35,398,461,457,0 35,295,461,356,0 32,165,460,233,0 30,58,465,135,0 259,76,300,132,2 259,169,300,215,2 257,311,300,356,2 259,399,299,444,2 300,399,343,443,3 300,311,343,357,3 300,169,344,217,3 302,76,345,132,3 476,131,534,219,1 478,170,533,216,4
datasets\FP\JPEGImages\frame_000504.jpg 476,133,531,220,1 482,173,524,215,4 30,58,460,136,0 32,167,462,236,0 32,298,458,360,0 29,401,455,457,0 300,402,341,443,3 300,316,342,357,3 302,170,344,218,3 301,80,346,132,3 258,78,301,131,2 258,169,300,217,2 256,315,300,360,2 257,403,298,444,2
datasets\FP\JPEGImages\frame_000477.jpg 476,138,536,230,1 481,181,531,225,4 22,59,464,140,0 29,170,462,247,0 25,302,461,368,0 20,410,464,473,0 298,412,336,460,3 297,323,343,370,3 300,173,346,225,3 300,82,349,141,3 255,84,299,141,2 257,175,300,226,2 252,324,297,370,2 252,412,298,461,2
datasets\FP\JPEGImages\fp03_000175.jpg 439,440,881,520,0 651,443,689,490,2 697,443,734,492,3 434,336,874,400,0 650,355,685,401,2 692,354,730,402,3 420,199,865,278,0 638,201,678,248,2 685,198,724,249,3 408,71,867,165,0 633,104,674,160,2 679,102,719,159,3 877,161,937,243,1 879,196,937,238,4
datasets\FP\JPEGImages\fp03_000065.jpg 897,133,965,229,1 900,172,961,218,4 418,51,894,147,0 650,83,690,134,2 695,77,739,133,3 430,179,889,262,0 657,179,696,230,2 702,179,743,231,3 446,310,892,390,0 665,337,706,390,2 712,336,752,387,3 455,424,904,506,0 673,427,711,476,2 715,426,755,479,3
datasets\FP\JPEGImages\fp02_000120.jpg 193,426,920,603,0 578,462,647,544,2 645,462,719,545,3 161,152,929,286,0 570,153,640,243,2 640,152,717,242,3 955,93,1053,274,1 961,160,1052,246,4
datasets\FP\JPEGImages\fp03_000015.jpg 457,402,893,484,0 671,406,710,453,2 714,408,754,455,3 448,293,892,374,0 665,320,705,370,2 709,320,746,367,3 435,155,886,245,0 658,164,695,213,2 701,162,742,211,3 899,120,958,206,1 901,155,955,199,4 423,29,885,131,0 651,62,688,121,2 696,64,735,112,3
datasets\FP\JPEGImages\frame_000094.jpg 157,415,953,548,0 576,415,649,491,2 657,415,727,492,3 143,52,967,203,0 577,62,653,154,2 660,65,737,151,3 1013,6,1116,198,1 1023,82,1105,169,4
datasets\FP\JPEGImages\frame_000102.jpg 142,414,942,545,0 568,416,639,494,2 648,415,720,496,3 129,58,949,212,0 568,68,644,151,2 649,67,725,151,3 997,9,1108,213,1 1008,86,1096,178,4
