455.34668286641437
431.6916567484538
259.1324556668599
129.55120436350504
66.60662992795308
29.634256958961487
19.789891004562378
14.538785994052887
12.714264214038849
9.340585867563883
9.184282541275024
7.974319646755855
7.072627107302348
6.217834393183391
6.4846371213595075
5.663135538498561
5.340879807869594
5.106356094280879
4.859690358241399
4.889279554287593
4.670905942718188
4.826164225737254
4.341462184985478
4.5580413689215975
4.357398668924968
4.202500745654106
4.087585434317589
3.8588657081127167
4.210836937030156
3.918295532464981
3.903233324488004
3.825337956349055
3.7550165255864463
3.760692069927851
3.594088484843572
3.752949039141337
3.6987954576810202
3.6069691280523934
3.7060504406690598
3.394022598862648
3.4747440914312997
3.4713160693645477
3.325046330690384
3.450656612714132
3.4221341709295907
3.353756974140803
3.2986032168070474
3.3650748133659363
3.41953111688296
3.195706774791082
3.2062003711859384
3.191958342989286
3.199682171146075
3.3034379382928214
3.1685796678066254
3.1025812377532325
3.0415263324975967
3.153530071179072
3.039552470048269
3.0785774886608124
3.1023923059304557
3.0881858666737876
3.0401914417743683
