442.0501205444336
572.6701812744141
1027.4241088867188
518.4620086669922
436.553205871582
438.8053009033203
425.5132293701172
334.57417755126954
306.00561752319334
218.51607666015624
163.59251403808594
102.0411506652832
177.41246490478517
97.79202728271484
81.83547821044922
66.28428840637207
58.955168914794925
52.949082946777345
83.9895450592041
42.145602226257324
63.369414710998534
35.70743999481201
35.298775100708006
30.511891555786132
22.43590679168701
23.898816680908205
18.194029998779296
20.760503578186036
18.057606506347657
15.92255096435547
15.747845649719238
14.848241901397705
14.196343803405762
13.179457092285157
13.720682907104493
12.424168300628661
11.727391147613526
11.800272369384766
10.82744255065918
12.142863750457764
11.255747509002685
10.273757171630859
10.778882694244384
9.082582473754883
8.969475936889648
8.097146606445312
8.366120100021362
8.063541030883789
8.039268302917481
9.77199125289917
9.053398942947387
7.762913990020752
8.790161228179931
8.884801387786865
7.204978370666504
7.572317266464234
7.316066312789917
7.001781225204468
7.299082183837891
7.085019159317016
6.752250385284424
6.857664966583252
6.289755153656006
6.079922199249268
6.364064645767212
6.800637483596802
5.878729629516601
7.0806464672088625
7.096034955978394
6.228776168823242
5.537231302261352
6.474702596664429
6.991435194015503
5.654437398910522
6.137744283676147
5.1185877323150635
5.668063354492188
5.61841721534729
6.181648445129395
5.304524612426758
5.372838830947876
6.043174982070923
5.176930999755859
4.9740198135375975
5.59675030708313
6.005287122726441
5.586707019805909
4.9282396793365475
5.54138593673706
5.0702887058258055
5.287680053710938
5.012746381759643
5.486160135269165
4.937897253036499
6.266911315917969
5.075507974624633
5.492204809188843
5.096317386627197
4.817628288269043
4.923963928222657
5.0460573673248295
4.802896165847779
4.71744327545166
7.649184226989746
4.862621068954468
5.5446265697479244
4.771871519088745
4.802123546600342
4.889821147918701
4.564612817764282
4.672748708724976
4.821159982681275
5.833994293212891
4.62625937461853
5.053980875015259
5.4139039516448975
4.689565515518188
4.750942802429199
5.451066541671753
4.49910569190979
5.027364492416382
4.228234100341797
4.696155405044555
5.291525888442993
4.596067357063293
4.901140117645264
4.394744539260865
4.784634017944336
4.819379138946533
4.277602577209473
4.493290734291077
5.318012142181397
4.128001809120178
4.271589517593384
4.504410266876221
4.954317188262939
5.259363412857056
4.488961696624756
4.6684869766235355
4.683394527435302
4.3194563627243046
5.123355174064637
4.400951766967774
4.599703121185303
4.765492343902588
4.534247612953186
4.658633661270142
4.567428398132324
4.7539194345474245
4.827491760253906
4.849623823165894
4.280239200592041
4.860922622680664
3.8247765064239503
5.129696154594422
4.984784960746765
4.390635347366333
4.373573970794678
4.058235502243042
4.510304641723633
4.6046531200408936
5.351567912101745
4.191273093223572
4.266946840286255
4.43641984462738
4.156011366844178
4.315306615829468
4.324362683296203
4.192015433311463
5.532230567932129
4.38179235458374
4.648482751846314
4.301861906051636
4.620608949661255
5.198828077316284
4.6201681137084964
4.48909101486206
4.555242228507995
4.0869523048400875
4.830299663543701
4.171959781646729
4.955454397201538
4.19875054359436
4.861868810653687
5.69271719455719
4.595844173431397
4.449978613853455
4.27335753440857
4.350742888450623
4.617707967758179
3.9044793367385866
4.504876255989075
4.249736642837524
4.205343866348267
4.4671508312225345
4.46198980808258
4.640439748764038
4.414439105987549
4.324485564231873
4.2166649341583256
