0
0.00030864197530864197
0.0
0.0
0.0
0.01236263736263736
0.04861235862829732
0.21515105352823682
0.36705018125197225
0.4450900658298352
0.6096083964692637
0.6860308496965599
0.678034662005779
0.703604818097852
0.7533279822128542
0.7592416162269103
0.7646974993701184
0.6985394435858833
0.6747394661868347
0.8134586313157741
0.8228791965055701
0.8923265536764783
0.8873499185999186
0.9381828997213614
0.9337917593869975
0.9382885632885634
0.9073802740469409
0.9296680883219345
0.9354904354904354
0.9313113761831712
0.9345238095238096
0.9507275132275131
0.9469429747207525
0.9345238095238096
0.9345238095238096
0.9422398589065256
0.9345238095238096
0.938124632569077
0.9345238095238096
0.9422398589065256
0.9345238095238096
