827.9394391530967
513.0561859866223
198.47776360109629
35.80642125692712
11.612112157316092
8.126622607909054
6.654980478516544
5.993026164640863
5.330867821911731
4.9676925906215805
4.686002742813294
4.4523663477725295
4.288646459579468
4.002382917576526
3.9822242633405938
3.814284831644541
3.742246406624116
3.638600190001798
3.5840021802718383
3.5167769006935945
3.4765287953687003
3.329016300569098
3.357507494558771
3.262061753904963
3.2357643153294022
3.1816740509975387
3.178635045706508
3.140614121793264
3.082865414849247
3.024384724088462
3.048057451305619
2.978158519928714
3.0308703097952416
2.9578592116574205
2.9827718117150916
2.9056597244308655
2.9135691344019876
2.8712264170129616
2.8288846317544043
2.8333276424063256
2.8697642533175918
2.820263865482376
2.806901454925537
2.77790088107787
2.7808252759726653
2.750370173569185
2.7638949500509056
2.7284621632242776
2.7152919008071166
2.6948641509894866
2.662514947983156
2.6888234486062843
2.682605062622622
2.6415631426386086
2.660422766065023
2.6508045857211195
2.680453704064151
2.629728259810482
2.640071924910488
2.627006423042481
2.6333681474249047
2.624644258654261
2.5537627791783897
2.634156995509044
2.5803229736994546
2.5494697970080087
2.5527559518814087
2.566809812224055
2.571558558797262
2.5764080013137267
2.5124221523124053
2.5100405058228827
2.50470717269254
2.5286579764032937
2.5161239210381567
2.5017644920981073
2.520173490765583
2.5263418246464555
2.496702738555081
2.4570080357861808
2.483655396714268
2.48585668385747
2.4642115960638207
2.422659393534603
2.4939090530556367
2.444635325885681
2.4044598448707397
2.446314467723111
2.438258047563484
2.4057377038231813
2.414776287165033
2.4468112070876433
2.4167123889348594
2.4259640014315225
2.422833459204938
2.379450290317995
2.3743701806987625
2.397174089787954
2.4191497298608344
2.37946264643267
2.372827048043171
2.353504244103489
2.3779762049755417
2.3594204510550902
2.3834030427128434
2.3933329388319726
2.364858647426927
2.41293283040265
2.353276760463255
2.3827670475086533
2.3984368479395486
2.3532358601868872
2.3755266975207503
2.34123314432351
2.3504690190395676
2.3332614115921846
2.3411663820944635
2.342784809778972
2.353172994521727
2.3247856497764587
2.2966323588267867
2.37530840592212
2.3557296718459533
2.2981315786580003
2.3118940936513694
2.324420951935182
2.295427003538752
2.33878859410803
2.337863080472831
2.310589714940772
2.308511378535305
2.3117567293615227
2.296339957828981
2.342464750071606
2.270510249109153
2.3666667349367256
2.3237922091081917
2.31754569619535
2.3054567209209305
2.3059736210179618
2.2809715543884828
2.2678633231714547
2.2671458857605256
2.2721178093588494
2.321418915886477
2.2827958601066864
2.2580767166183655
2.2800250232937826
2.2699803372463547
2.28777395673545
2.282634408359068
2.2723905559045723
2.271227103399943
2.2920973293752556
2.2561618578003113
2.282029009008982
2.2913354592150954
2.256975561021322
2.2384848091975753
2.314754906907139
2.3275623644690917
2.2711895144129373
2.267559120453984
2.2578471152179214
2.2448740615902176
2.279808920550059
2.2668341017631164
2.228753798697368
2.253017201481095
2.2675065218684183
2.280213256916368
2.261915904929839
2.2550241760460725
2.2796292879495277
2.2656888775078645
2.3018515138741
2.254258612552321
2.2450944429420563
2.238103464425328
2.27953431333404
2.2263661752264183
2.2516417424362825
2.243883464709822
2.259668033525168
2.2552114437861617
2.2535344972667923
2.2582315256796686
2.225342996149178
2.24371566901724
2.2822789585733987
2.2576363151331984
2.2702497581401504
2.275709478251905
2.255288475249187
2.265469597046634
2.2604625663125373
2.260509215923677
2.275153590972165
2.275655006787863
2.2594271682831177
