0
0.25046452022340693
0.8239802746083419
0.9503041301810728
0.9656843120293271
0.9761431008458361
0.978357490253782
0.9815740933387286
0.982847050680424
0.9806311748365975
0.9808128003586122
0.9795055797768238
0.9808106454357074
0.9808154790211324
0.9794227612646943
0.9802746602696338
0.9812894939790521
0.9804013743241834
0.9807907214782069
0.980559576987036
0.9806332623320263
0.9807534157397483
0.9809393072672504
0.9809631701737151
0.981124252029695
0.9811485804712249
0.9810709669852761
0.9809753800593923
0.9809694399472714
0.9808624887778136
0.9808273869026977
0.9807738111545373
0.9807097762301475
0.9806552508587242
0.9806344176918804
0.9805764160375938
0.9805461001956818
0.9805609803899007
0.9805212053920676
0.9805570938930838
0.9805074124543517
