545.0365091959635
850.30517578125
569.1243184407552
505.3802947998047
569.2612965901693
530.4071197509766
487.3684387207031
483.76177978515625
571.7237599690756
323.14203516642254
347.7219467163086
294.8668696085612
196.17700958251953
247.31423950195312
235.55974833170572
216.44157918294272
225.35510381062826
143.14650090535483
151.63179143269858
126.74921035766602
107.58799489339192
191.2679761250814
421.81454213460285
74.58607482910156
92.91134897867839
116.73652521769206
82.32593599955241
105.07567914326985
96.34591229756673
54.07406044006348
62.02808825174967
50.570746739705406
41.40425777435303
42.37494055430094
41.81198374430338
85.25758902231853
43.23392963409424
31.299987475077312
30.075265884399414
30.676841417948406
26.373790740966797
28.359628677368164
38.43522675832113
21.108398755391438
23.518298149108887
20.604264577229817
21.3653507232666
20.394333839416504
19.751410484313965
17.549533526102703
17.42481803894043
17.97145366668701
16.90162229537964
14.63939094543457
16.556351979573567
16.21221653620402
16.96698570251465
14.325498898824057
14.096860408782959
14.522209167480469
14.158047358194986
22.719024976094563
12.107658386230469
12.417010307312012
12.144856770833334
11.660565535227457
10.910429159800211
11.561265309651693
12.131244341532389
11.737938721974691
10.172037601470947
10.852402846018473
9.958848158518473
11.144383748372396
10.998735268910727
10.367733796437582
10.085879484812418
10.152883847554525
10.416309356689453
8.880067904790243
9.114537080128988
9.815542856852213
8.681591828664144
9.910619894663492
9.266398747762045
8.878298997879028
8.561111132303873
9.409579118092855
9.579408963521322
9.20961825052897
9.414387226104736
9.354806105295816
10.275225003560385
8.475901126861572
8.102628231048584
8.351737101872763
8.236849387486776
7.6159225304921465
7.537545839945476
8.052970886230469
7.503978888193767
8.415524085362753
8.12677033742269
7.744763215382894
8.025569041570028
7.792244513829549
8.237637996673584
7.298424323399861
6.71849783261617
7.07326618830363
8.07993777592977
7.674351056416829
8.016845703125
7.763668139775594
7.041942437489827
7.27596640586853
7.392457167307536
7.3541373411814375
7.500122944513957
7.8672817548116045
6.746486266454061
8.678210337956747
7.195171197255452
7.146968523661296
7.4067158699035645
7.224936167399089
6.399320522944133
7.551603078842163
8.388175169626871
6.880070765813191
7.486412604649861
7.850055694580078
7.102014462153117
6.642527421315511
7.423173904418945
6.5324318408966064
7.334469715754191
6.8743736743927
7.313815673192342
7.143888076146443
6.498159726460774
7.203490336736043
8.814951022466024
6.935235500335693
6.940803527832031
6.280403137207031
6.818055709203084
6.3679938316345215
6.712123155593872
6.549417018890381
7.608392238616943
6.442513306935628
6.484848499298096
7.712257464726766
6.676555315653483
7.482162714004517
6.448233445485433
6.681141138076782
6.393308242162068
7.435620069503784
6.76789124806722
6.53136420249939
6.170564333597819
6.083025852839152
6.726332346598308
6.443523248036702
6.293370087941487
6.324755668640137
6.166456778844197
6.796907504399617
7.131204922993978
6.737509489059448
6.982227245966594
6.407009204228719
6.068963209788005
7.4769424597422285
9.197770118713379
6.196315209070842
6.225766102472941
7.182002226511638
6.735467274983724
6.518309513727824
6.311178843180339
6.988759199778239
7.159289042154948
7.32874862353007
6.178375403086345
6.900740226109822
6.037280162175496
6.536902507146199
7.340703010559082
6.491464296976726
6.292298873265584
7.061471462249756
6.4837344487508135
5.89159878094991
8.25466259320577
6.932583014170329
6.889429330825806
6.7107439041137695
