0
0.0
0.0
0.0
0.0
0.0
0.0
0.0
0.0
0.0
0.011236839628174856
0.012499999999999999
0.0693388238916256
0.0692873940839319
0.2360044526293247
0.31817490560590816
0.3919629752963086
0.4380668881631374
0.44848302339384916
0.42511070084599495
0.41495967482809587
0.47575585789871505
0.44221584467120184
0.4455087032154701
0.4884920634920635
0.5367496121255521
0.5065323565323565
0.5749940327007996
0.5511479591836734
0.6073957788243503
0.6193421091380275
0.6397770219198791
0.6358060684591297
0.652641056422569
0.6487294625452521
0.6059762794006492
0.6495163258589682
0.7082927376160458
0.6698530537502968
0.6811156378198984
0.6741259714943926
