462.8332214355469
329.1110133870443
202.712041015625
66.63147928873698
26.765347849527995
15.909511528015138
11.20789503733317
8.796797790527343
7.227736740112305
6.593791058858236
5.637760403951009
5.282243013381958
5.073072611490885
4.900008090337118
4.541042267481486
4.529754835764567
4.283460470835368
4.106520961125692
4.047259321212769
3.990684461593628
3.8529622014363607
3.758905750910441
3.7192430782318113
3.7170125420888267
3.6806881109873455
3.42378849029541
3.4225763257344566
3.414599561691284
3.4138488896687824
3.2840555763244628
3.3347107537587486
3.278448979059855
3.237510404586792
3.235927693049113
3.210258684158325
3.123411013285319
3.0783111572265627
3.0730434958140056
3.0899634552001953
3.0803653303782146
3.0279659048716225
3.067359323501587
3.097956485748291
3.0879982852935792
